==========================================================================================
PRICE JUMP PAIR ANALYSIS - ATR + CUSUM + MOMENTUM STRATEGY
==========================================================================================

Configuration:
  Data Directory: /data/quant14/EBX
  Number of Days Processed: 510
  Price Column: Price
  Volatility Feature: PB9_T1
  Price Jump Threshold (Main): ±0.2
  Price Jump Threshold (Addl): ±0.25, ±0.30

Strategy Parameters:
  ATR Window: 20 bars
  ATR Stagnant Threshold: 0.01
  CUSUM Drift: 0.005
  CUSUM Decay: 0.7
  CUSUM EWM Span: 300
  Momentum Window: 10
  Momentum Avg Window: 50
  Momentum Threshold: 0.0

Trading Rules:
  Start Delay: 600.0s (10 min)
  Min Hold: 15.0s
  Min Cooldown: 15.0s
  EOD Square-off: Enabled
==========================================================================================

CATEGORY A: ATR < 0.01 (Always Stagnant)
==========================================================================================
Number of days: 201

Day | P(0.20) | P(0.25) | P(0.30) | Trades | ATR Max  | Price Min | Price Max
----|---------|---------|---------|--------|----------|-----------|----------
  1 |       1 |       1 |       1 |      0 | 0.008627 |     99.88 |    100.36
  2 |       7 |       2 |       2 |      0 | 0.008005 |     99.66 |    100.25
  3 |       3 |       2 |       2 |      0 | 0.008407 |     99.99 |    100.63
  7 |       5 |       5 |       3 |      0 | 0.006507 |     99.71 |    100.15
  8 |       5 |       4 |       5 |      0 | 0.008667 |     99.94 |    100.56
 12 |       5 |       4 |       2 |      0 | 0.009499 |     99.68 |    100.28
 15 |       4 |       4 |       3 |      0 | 0.006848 |     99.97 |    100.47
 18 |       5 |       3 |       2 |      0 | 0.006105 |     99.78 |    100.30
 19 |      12 |       7 |       7 |      0 | 0.009889 |     99.93 |    100.74
 20 |      15 |      11 |       5 |      0 | 0.008814 |     99.48 |    100.74
 21 |      14 |      10 |       7 |      0 | 0.009766 |     99.03 |    100.49
 25 |       4 |       3 |       2 |      0 | 0.004890 |     99.92 |    100.79
 26 |       5 |       5 |       3 |      0 | 0.007277 |     99.70 |    100.23
 27 |       4 |       2 |       2 |      0 | 0.007283 |     99.92 |    100.51
 29 |       5 |       4 |       3 |      0 | 0.009644 |     99.44 |    100.03
 34 |       7 |       5 |       5 |      0 | 0.007943 |     99.23 |    100.09
 41 |       6 |       4 |       3 |      0 | 0.008921 |     99.78 |    100.53
 42 |       2 |       2 |       1 |      0 | 0.005865 |     99.97 |    100.43
 43 |       6 |       3 |       4 |      0 | 0.007725 |    100.00 |    100.74
 44 |      12 |       8 |       6 |      0 | 0.009743 |     99.05 |    100.01
 46 |       3 |       2 |       2 |      0 | 0.009493 |     99.97 |    100.66
 47 |       4 |       4 |       2 |      0 | 0.008377 |     99.71 |    100.25
 50 |       5 |       3 |       3 |      0 | 0.006322 |     99.68 |    100.36
 52 |       3 |       3 |       3 |      0 | 0.007525 |     99.61 |    100.25
 53 |      10 |       4 |       4 |      0 | 0.008522 |     99.89 |    100.73
 57 |       3 |       2 |       1 |      0 | 0.007156 |     99.91 |    100.23
 59 |       8 |       6 |       4 |      0 | 0.007840 |     99.67 |    100.25
 62 |       3 |       2 |       2 |      0 | 0.007014 |     99.99 |    100.66
 64 |       1 |       1 |       1 |      0 | 0.008052 |     99.82 |    100.14
 66 |       4 |       2 |       2 |      0 | 0.007697 |     99.80 |    100.33
 68 |       6 |       5 |       3 |      0 | 0.006572 |     99.14 |    100.06
 69 |       1 |       1 |       0 |      0 | 0.004493 |     99.97 |    100.24
 70 |       9 |       6 |       4 |      0 | 0.008384 |     99.48 |    100.72
 72 |       4 |       4 |       2 |      0 | 0.007968 |     99.97 |    100.54
 73 |       1 |       1 |       1 |      0 | 0.004936 |     99.81 |    100.12
 74 |       5 |       3 |       3 |      0 | 0.008338 |     99.38 |     99.98
 75 |       4 |       1 |       2 |      0 | 0.008176 |     99.80 |    100.24
 76 |       5 |       2 |       1 |      0 | 0.007140 |     99.53 |    100.09
 77 |       2 |       1 |       1 |      0 | 0.005884 |     99.76 |    100.07
 78 |       2 |       1 |       1 |      0 | 0.008518 |     99.82 |    100.40
 79 |       2 |       1 |       1 |      0 | 0.007574 |     99.63 |    100.02
 80 |       3 |       1 |       1 |      0 | 0.008542 |     99.89 |    100.23
 81 |       2 |       1 |       1 |      0 | 0.006903 |     99.82 |    100.35
 82 |       3 |       3 |       2 |      0 | 0.007292 |     99.95 |    100.51
 89 |       5 |       6 |       6 |      0 | 0.008071 |     99.45 |    100.15
 92 |      11 |       5 |       5 |      0 | 0.008209 |     99.83 |    100.45
 93 |       8 |       5 |       3 |      0 | 0.009968 |     99.89 |    100.48
101 |       4 |       3 |       2 |      0 | 0.007842 |     99.96 |    100.80
103 |       2 |       1 |       1 |      0 | 0.007995 |     99.74 |    100.11
104 |       4 |       3 |       2 |      0 | 0.006886 |     99.85 |    100.78
110 |       2 |       2 |       1 |      0 | 0.009557 |     99.89 |    100.51
112 |       1 |       1 |       1 |      0 | 0.007086 |     99.94 |    100.37
113 |       2 |       2 |       2 |      0 | 0.007418 |     99.59 |    100.10
114 |       4 |       2 |       2 |      0 | 0.008073 |     99.67 |    100.25
118 |       5 |       5 |       4 |      0 | 0.008943 |     99.67 |    100.60
119 |       4 |       4 |       1 |      0 | 0.007218 |     99.58 |    100.25
120 |       8 |       2 |       2 |      0 | 0.009065 |    100.00 |    100.71
121 |       4 |       3 |       3 |      0 | 0.008290 |     99.83 |    100.86
122 |       4 |       2 |       1 |      0 | 0.007726 |     99.84 |    100.32
123 |       4 |       2 |       2 |      0 | 0.006441 |     99.86 |    100.53
129 |       5 |       4 |       4 |      0 | 0.007486 |     99.66 |    100.63
131 |       7 |       3 |       3 |      0 | 0.007224 |     99.71 |    100.27
133 |       6 |       2 |       1 |      0 | 0.006406 |     99.86 |    100.54
140 |       5 |       2 |       2 |      0 | 0.006787 |     99.83 |    100.23
141 |       6 |       2 |       1 |      0 | 0.007206 |     99.74 |    100.24
143 |      10 |       4 |       2 |      0 | 0.009116 |     99.49 |    100.26
146 |       6 |       5 |       3 |      0 | 0.008778 |     99.61 |    100.40
147 |       7 |       3 |       3 |      0 | 0.007725 |     99.61 |    100.22
151 |       4 |       2 |       2 |      0 | 0.005951 |     99.55 |    100.05
152 |       7 |       6 |       4 |      0 | 0.008722 |     99.89 |    101.08
155 |       4 |       3 |       2 |      0 | 0.007547 |     99.91 |    100.78
164 |       2 |       2 |       1 |      0 | 0.005713 |    100.00 |    100.45
165 |       7 |       5 |       3 |      0 | 0.009210 |     99.73 |    100.42
174 |       5 |       4 |       2 |      0 | 0.009782 |     99.68 |    100.29
177 |      11 |       5 |       5 |      0 | 0.008661 |     99.32 |    100.09
178 |      12 |       7 |       7 |      0 | 0.008965 |     99.56 |    100.95
182 |      12 |       7 |       6 |      0 | 0.008504 |     99.92 |    101.66
184 |       3 |       3 |       3 |      0 | 0.006621 |     99.61 |    100.31
188 |       3 |       2 |       2 |      0 | 0.007625 |     99.87 |    100.41
191 |       5 |       3 |       2 |      0 | 0.005874 |     99.51 |    100.03
196 |       5 |       4 |       3 |      0 | 0.007944 |     99.99 |    101.05
201 |      12 |       8 |       6 |      0 | 0.008343 |     99.51 |    100.60
211 |       6 |       4 |       4 |      0 | 0.006343 |     99.37 |    100.17
213 |       7 |       4 |       2 |      0 | 0.009164 |     99.39 |    100.21
214 |       4 |       1 |       1 |      0 | 0.005997 |     99.67 |    100.05
216 |       4 |       2 |       0 |      0 | 0.006451 |     99.84 |    100.10
217 |       3 |       2 |       2 |      0 | 0.006836 |     99.73 |    100.18
218 |       4 |       2 |       2 |      0 | 0.008965 |     99.82 |    100.40
220 |       7 |       5 |       2 |      0 | 0.007159 |     99.82 |    100.24
222 |       4 |       2 |       2 |      0 | 0.005598 |     99.47 |    100.09
223 |       5 |       4 |       3 |      0 | 0.009612 |     99.83 |    100.97
224 |      10 |       7 |       5 |      0 | 0.008939 |     99.23 |    100.25
225 |       3 |       3 |       1 |      0 | 0.007415 |     99.92 |    100.54
228 |       7 |       3 |       1 |      0 | 0.006100 |     99.76 |    100.07
229 |       3 |       2 |       1 |      0 | 0.009019 |     99.89 |    100.21
233 |       5 |       3 |       3 |      0 | 0.006388 |     99.98 |    100.60
234 |       4 |       2 |       2 |      0 | 0.008854 |     99.59 |    100.07
235 |       4 |       2 |       2 |      0 | 0.009837 |     99.78 |    100.24
237 |       9 |       6 |       2 |      0 | 0.006416 |     99.49 |    100.25
238 |       2 |       2 |       2 |      0 | 0.007847 |     99.96 |    100.38
241 |       5 |       4 |       3 |      0 | 0.009794 |     99.79 |    100.58
246 |       8 |       4 |       4 |      0 | 0.007421 |     99.69 |    100.23
247 |       8 |       5 |       5 |      0 | 0.009494 |     99.77 |    100.40
252 |       3 |       2 |       2 |      0 | 0.009648 |     99.48 |    100.13
256 |       1 |       1 |       1 |      0 | 0.008620 |     99.84 |    100.15
257 |       4 |       2 |       1 |      0 | 0.006442 |     99.51 |    100.07
258 |       4 |       2 |       3 |      0 | 0.007518 |     99.89 |    100.50
261 |       7 |       4 |       4 |      0 | 0.006670 |     99.78 |    100.48
262 |       9 |      10 |       7 |      0 | 0.007979 |     99.86 |    101.23
263 |       5 |       2 |       2 |      0 | 0.006729 |     99.62 |    100.25
264 |       3 |       3 |       3 |      0 | 0.009943 |     99.66 |    100.23
266 |       5 |       4 |       3 |      0 | 0.009346 |     99.99 |    100.94
269 |       4 |       2 |       1 |      0 | 0.006504 |     99.75 |    100.12
281 |       8 |       6 |       4 |      0 | 0.009526 |     99.69 |    100.51
288 |       4 |       2 |       2 |      0 | 0.008888 |     99.81 |    100.22
289 |       6 |       3 |       2 |      0 | 0.006135 |     99.56 |    100.15
291 |       2 |       1 |       0 |      0 | 0.004809 |     99.94 |    100.20
294 |       4 |       4 |       1 |      0 | 0.006154 |     99.86 |    100.42
297 |       7 |       6 |       2 |      0 | 0.007541 |     99.72 |    100.33
300 |       7 |       5 |       5 |      0 | 0.007653 |     99.93 |    101.19
302 |       5 |       2 |       2 |      0 | 0.008799 |     99.30 |    100.17
307 |       3 |       1 |       1 |      0 | 0.008246 |     99.79 |    100.20
310 |       6 |       2 |       1 |      0 | 0.007026 |     99.78 |    100.53
313 |       9 |       5 |       5 |      0 | 0.008904 |     98.98 |    100.14
314 |       3 |       2 |       2 |      0 | 0.007078 |     99.86 |    100.71
317 |       7 |       3 |       3 |      0 | 0.009841 |     99.56 |    100.22
320 |      13 |      10 |       8 |      0 | 0.009407 |     99.05 |    100.09
324 |       5 |       4 |       4 |      0 | 0.008715 |     99.88 |    100.59
327 |       3 |       0 |       0 |      0 | 0.006235 |     99.92 |    100.17
328 |       2 |       2 |       1 |      0 | 0.007508 |     99.87 |    100.29
334 |       5 |       4 |       2 |      0 | 0.006083 |     99.89 |    100.26
336 |       9 |       6 |       6 |      0 | 0.009100 |     99.27 |    100.36
340 |       6 |       3 |       2 |      0 | 0.009136 |     99.75 |    100.26
341 |       5 |       4 |       2 |      0 | 0.006787 |     99.80 |    100.67
346 |       4 |       2 |       2 |      0 | 0.007601 |     99.99 |    100.44
347 |       3 |       3 |       2 |      0 | 0.007315 |     99.49 |    100.01
354 |       6 |       4 |       4 |      0 | 0.007884 |     99.39 |    100.12
356 |       6 |       4 |       4 |      0 | 0.007307 |     99.27 |    100.09
357 |       7 |       4 |       1 |      0 | 0.007877 |     99.75 |    100.28
361 |       6 |       4 |       5 |      0 | 0.009543 |     99.89 |    100.72
362 |       2 |       2 |       2 |      0 | 0.007934 |     99.97 |    100.55
364 |       5 |       3 |       2 |      0 | 0.008005 |     99.92 |    100.62
369 |       2 |       1 |       0 |      0 | 0.005821 |     99.84 |    100.13
371 |       3 |       2 |       2 |      0 | 0.006346 |    100.00 |    100.61
375 |      10 |       6 |       6 |      0 | 0.007110 |     99.37 |    100.20
376 |      13 |       8 |       5 |      0 | 0.009564 |     99.75 |    100.87
379 |       3 |       1 |       1 |      0 | 0.009555 |     99.75 |    100.31
380 |       7 |       5 |       3 |      0 | 0.007790 |     99.71 |    100.34
387 |       8 |       7 |       5 |      0 | 0.008558 |     99.28 |    100.17
392 |       3 |       2 |       2 |      0 | 0.006085 |    100.00 |    100.65
395 |      10 |       7 |       5 |      0 | 0.008135 |    100.00 |    101.06
397 |      11 |       7 |       6 |      0 | 0.008665 |     99.86 |    100.68
398 |       5 |       5 |       3 |      0 | 0.009113 |     99.31 |    100.04
399 |       8 |       3 |       3 |      0 | 0.008601 |     99.93 |    100.64
400 |       2 |       2 |       2 |      0 | 0.008456 |     99.89 |    100.25
402 |       7 |       5 |       4 |      0 | 0.009462 |     99.25 |    100.02
406 |       6 |       4 |       3 |      0 | 0.009119 |     99.41 |    100.05
411 |       7 |       5 |       3 |      0 | 0.007296 |     99.24 |    100.18
412 |       6 |       3 |       3 |      0 | 0.007190 |     99.11 |    100.02
414 |       4 |       2 |       2 |      0 | 0.008780 |     99.90 |    100.41
415 |      12 |       7 |       1 |      0 | 0.008710 |     99.74 |    100.30
418 |      15 |      11 |       8 |      0 | 0.009946 |     98.83 |    100.09
420 |      10 |       6 |       2 |      0 | 0.009297 |     99.53 |    100.22
422 |       1 |       1 |       1 |      0 | 0.006448 |     99.75 |    100.11
423 |       9 |       3 |       2 |      0 | 0.009453 |     99.78 |    100.59
425 |       5 |       3 |       3 |      0 | 0.008660 |     99.79 |    100.38
426 |      10 |       6 |       5 |      0 | 0.008373 |     99.76 |    100.52
427 |       4 |       3 |       2 |      0 | 0.006528 |     99.98 |    100.73
429 |      10 |      10 |       9 |      0 | 0.008171 |     99.67 |    100.60
430 |      14 |       7 |       8 |      0 | 0.008517 |     99.68 |    101.03
431 |       5 |       5 |       3 |      0 | 0.006108 |     99.69 |    100.26
435 |       6 |       4 |       3 |      0 | 0.008317 |     99.65 |    100.07
436 |       3 |       1 |       0 |      0 | 0.009943 |     99.88 |    100.17
441 |       2 |       1 |       1 |      0 | 0.006118 |     99.56 |    100.15
442 |      11 |       9 |       7 |      0 | 0.008042 |     98.25 |    100.12
449 |       7 |       2 |       2 |      0 | 0.006862 |     99.88 |    100.48
450 |       5 |       4 |       2 |      0 | 0.008843 |     99.41 |    100.10
452 |       7 |       6 |       3 |      0 | 0.009258 |     98.93 |    100.00
458 |       8 |       5 |       5 |      0 | 0.008560 |     99.54 |    100.20
459 |       5 |       2 |       2 |      0 | 0.007481 |     99.81 |    100.45
465 |       3 |       1 |       1 |      0 | 0.005279 |     99.64 |    100.11
466 |      15 |      10 |       5 |      0 | 0.009527 |     99.90 |    101.00
467 |      10 |       4 |       2 |      0 | 0.008043 |     99.58 |    100.25
468 |       8 |       7 |       4 |      0 | 0.009059 |     99.88 |    100.68
469 |       6 |       6 |       3 |      0 | 0.006778 |     99.41 |    100.16
472 |       4 |       1 |       1 |      0 | 0.008058 |     99.76 |    100.26
473 |       3 |       3 |       2 |      0 | 0.007782 |     99.84 |    100.22
484 |       4 |       3 |       1 |      0 | 0.007509 |     99.85 |    100.30
485 |       4 |       3 |       1 |      0 | 0.008260 |     99.87 |    100.41
486 |       6 |       4 |       4 |      0 | 0.009618 |     99.31 |    100.09
487 |       4 |       1 |       1 |      0 | 0.008034 |     99.85 |    100.48
489 |       7 |       2 |       2 |      0 | 0.006671 |     99.35 |    100.25
490 |       3 |       3 |       1 |      0 | 0.008630 |     99.57 |    100.05
491 |       1 |       2 |       0 |      0 | 0.007656 |     99.87 |    100.16
493 |       3 |       3 |       1 |      0 | 0.008970 |     99.80 |    100.41
495 |       9 |       4 |       3 |      0 | 0.007372 |     99.12 |    100.04
496 |       5 |       4 |       3 |      0 | 0.007281 |     99.33 |    100.00
499 |       3 |       2 |       2 |      0 | 0.005797 |     99.99 |    100.63
501 |       2 |       2 |       2 |      0 | 0.007258 |     99.79 |    100.57
506 |       3 |       2 |       1 |      0 | 0.008091 |     99.92 |    100.53
508 |       2 |       2 |       1 |      0 | 0.005037 |    100.00 |    100.47

Total pairs (0.20): 1120 | Avg: 5.57
Total pairs (0.25): 725 | Avg: 3.61
Total pairs (0.30): 541 | Avg: 2.69
Total trades: 0 | Avg: 0.00

==========================================================================================

CATEGORY B: ATR > 0.01 but Strategy gave NO signals
==========================================================================================
Number of days: 7

Day | P(0.20) | P(0.25) | P(0.30) | Trades | ATR Max  | Price Min | Price Max
----|---------|---------|---------|--------|----------|-----------|----------
 67 |      13 |       8 |       4 |      0 | 0.011327 |     99.79 |    100.69
260 |      10 |      10 |       8 |      0 | 0.011360 |     99.94 |    100.55
279 |      10 |       4 |       4 |      0 | 0.010664 |     99.77 |    100.42
394 |       6 |       5 |       5 |      0 | 0.010227 |     99.42 |    100.15
444 |       7 |       6 |       2 |      0 | 0.010721 |     99.97 |    100.66
494 |       6 |       4 |       5 |      0 | 0.010461 |     99.93 |    100.82
500 |       2 |       2 |       1 |      0 | 0.010068 |     99.89 |    100.53

Total pairs (0.20): 54 | Avg: 7.71
Total pairs (0.25): 39 | Avg: 5.57
Total pairs (0.30): 29 | Avg: 4.14
Total trades: 0 | Avg: 0.00

==========================================================================================

CATEGORY C: ATR > 0.01 and Strategy gave signals
==========================================================================================
Number of days: 302

Day | P(0.20) | P(0.25) | P(0.30) | Trades | ATR Max  | Price Min | Price Max
----|---------|---------|---------|--------|----------|-----------|----------
  0 |      10 |       7 |       5 |      1 | 0.010382 |     99.39 |    100.20
  4 |      10 |       6 |       5 |      1 | 0.010248 |     98.98 |    100.10
  5 |      30 |      19 |      17 |     10 | 0.014787 |     99.89 |    102.43
  6 |      13 |      12 |       8 |      4 | 0.011259 |     99.62 |    100.70
  9 |       3 |       1 |       1 |      1 | 0.011428 |     99.76 |    100.11
 10 |      15 |      11 |       6 |      7 | 0.015056 |     99.25 |    100.45
 11 |      23 |      12 |       9 |      7 | 0.015694 |     98.81 |    100.09
 13 |       6 |       5 |       4 |      2 | 0.010976 |     99.92 |    100.76
 14 |      14 |      10 |       7 |      5 | 0.011186 |     97.98 |    100.10
 16 |       4 |       4 |       3 |      1 | 0.016359 |     99.56 |    100.05
 17 |      14 |      11 |       6 |      1 | 0.027698 |     99.15 |    100.52
 22 |      17 |       7 |       5 |      3 | 0.014536 |     99.27 |    100.23
 23 |       5 |       2 |       2 |      2 | 0.028979 |     99.75 |    100.63
 24 |       3 |       2 |       1 |      1 | 0.011146 |     99.98 |    100.37
 28 |      21 |      14 |      11 |     13 | 0.047768 |     99.90 |    101.37
 30 |       9 |      10 |       5 |      2 | 0.012016 |     98.85 |    100.02
 31 |       8 |       5 |       3 |      1 | 0.010463 |     99.86 |    100.55
 32 |      19 |      11 |       7 |     11 | 0.013768 |     99.54 |    100.46
 33 |      39 |      26 |      19 |     52 | 0.029195 |     99.07 |    100.82
 35 |       9 |       6 |       5 |      1 | 0.017700 |     99.92 |    101.12
 36 |     118 |      80 |      55 |    471 | 0.064084 |     99.24 |    102.32
 37 |       8 |       2 |       2 |      1 | 0.010114 |     99.78 |    100.22
 38 |       9 |       7 |       4 |      2 | 0.012801 |     99.37 |    100.24
 39 |      19 |      11 |       9 |     15 | 0.019583 |     99.79 |    100.57
 40 |       8 |       4 |       3 |      1 | 0.018587 |     99.78 |    100.66
 45 |       7 |       2 |       1 |      1 | 0.016384 |     99.59 |    100.21
 48 |       5 |       3 |       4 |      2 | 0.015745 |     99.78 |    100.26
 49 |      15 |      10 |       9 |     12 | 0.016996 |     99.60 |    101.05
 51 |      34 |      23 |      17 |     71 | 0.043365 |     99.35 |    100.73
 54 |      19 |      15 |       9 |      5 | 0.012704 |     99.12 |    100.40
 55 |      13 |       9 |       7 |      1 | 0.012056 |     99.96 |    101.20
 56 |       4 |       3 |       3 |      1 | 0.012876 |     99.67 |    100.38
 58 |      23 |      11 |       9 |     12 | 0.022021 |     99.06 |    100.25
 60 |       3 |       2 |       1 |      3 | 0.013186 |     99.55 |    100.12
 61 |      14 |      11 |       8 |      4 | 0.014030 |     99.69 |    100.87
 63 |      11 |      11 |       6 |     10 | 0.018402 |     99.36 |    100.20
 65 |       9 |       8 |       6 |      3 | 0.014760 |     99.33 |    100.12
 71 |       7 |       6 |       3 |      1 | 0.010861 |     99.75 |    100.57
 83 |      20 |      11 |       9 |     13 | 0.030634 |     99.95 |    101.13
 84 |      24 |      17 |      10 |     14 | 0.020026 |     98.79 |    100.00
 85 |      10 |       7 |       6 |      6 | 0.025946 |     99.93 |    101.36
 86 |       8 |       8 |       4 |      1 | 0.014570 |     99.46 |    100.06
 87 |     427 |     304 |     229 |    657 | 0.104090 |     98.73 |    107.16
 88 |      12 |       9 |       5 |      2 | 0.011758 |     99.99 |    100.78
 90 |      16 |      14 |      12 |      4 | 0.014136 |     99.95 |    101.00
 91 |       7 |       5 |       4 |      2 | 0.011181 |     99.36 |    100.30
 94 |      11 |       8 |       7 |      2 | 0.015722 |     99.78 |    100.62
 95 |       6 |       5 |       2 |      1 | 0.014099 |     99.91 |    100.51
 96 |      21 |      15 |      10 |      8 | 0.014333 |     99.64 |    102.12
 97 |      23 |      24 |      14 |     36 | 0.013715 |     98.70 |    100.27
 98 |      17 |      13 |      13 |     31 | 0.027671 |     98.76 |    100.59
 99 |       8 |       4 |       2 |      3 | 0.013738 |     99.45 |    100.13
100 |       8 |       3 |       2 |      2 | 0.017780 |     99.77 |    100.43
102 |       5 |       4 |       3 |      1 | 0.010995 |     99.83 |    100.22
105 |       8 |       6 |       5 |      1 | 0.012743 |     98.43 |    100.03
106 |       7 |       4 |       4 |      1 | 0.012377 |     99.30 |    100.07
107 |      73 |      49 |      28 |    149 | 0.087354 |     98.82 |    100.91
108 |      44 |      28 |      22 |     95 | 0.082358 |     99.27 |    101.30
109 |      19 |      14 |       9 |      4 | 0.028916 |     99.38 |    100.27
111 |       6 |       2 |       2 |      3 | 0.015119 |     99.76 |    100.71
115 |      13 |      10 |       6 |      1 | 0.010576 |     99.09 |    100.13
116 |       9 |       8 |       5 |      3 | 0.014339 |     99.53 |    100.11
117 |      30 |      16 |      13 |     40 | 0.021763 |     98.61 |    100.27
124 |      29 |      23 |      12 |     20 | 0.013622 |     98.01 |    100.57
125 |      10 |       9 |       6 |      1 | 0.010432 |     98.70 |    100.06
126 |       2 |       2 |       3 |      1 | 0.014762 |     99.97 |    100.49
127 |       9 |       6 |       4 |      2 | 0.014889 |     99.75 |    100.47
128 |      17 |      11 |       7 |      5 | 0.014371 |     99.49 |    100.74
130 |       5 |       2 |       2 |      1 | 0.011752 |     99.53 |    100.07
132 |      18 |      13 |       8 |      1 | 0.011556 |     99.20 |    100.75
134 |       6 |       2 |       2 |      1 | 0.014202 |     99.54 |    100.16
135 |      12 |       9 |       8 |      8 | 0.021106 |     99.36 |    100.41
136 |      27 |      15 |      15 |     17 | 0.020903 |     97.52 |    100.02
137 |      60 |      36 |      25 |     87 | 0.039008 |     98.95 |    100.99
138 |       9 |       6 |       6 |      3 | 0.013453 |     98.59 |    100.15
139 |      10 |       9 |       8 |      8 | 0.024281 |     98.81 |    100.33
142 |       4 |       4 |       3 |      1 | 0.010818 |     99.63 |    100.17
144 |       8 |       8 |       4 |      2 | 0.014913 |     99.46 |    100.26
145 |       8 |       6 |       4 |      1 | 0.012692 |     99.44 |    100.30
148 |      10 |       9 |       6 |      5 | 0.010775 |     99.42 |    100.44
149 |       5 |       3 |       1 |      1 | 0.010439 |     99.80 |    100.10
150 |      20 |      15 |      10 |     17 | 0.018306 |     99.18 |    100.52
153 |       8 |       6 |       6 |      3 | 0.014994 |     99.90 |    100.88
154 |       2 |       2 |       2 |      1 | 0.010092 |     99.71 |    100.17
156 |       7 |       4 |       4 |      1 | 0.015629 |     99.05 |    100.10
157 |       5 |       4 |       4 |      1 | 0.010782 |     99.40 |    100.12
158 |      11 |       5 |       4 |      3 | 0.017653 |     99.89 |    100.64
159 |       8 |       6 |       4 |      1 | 0.010403 |     99.53 |    100.25
160 |      14 |       5 |       4 |      8 | 0.022192 |     99.67 |    100.45
161 |      57 |      39 |      30 |    234 | 0.038714 |     98.61 |    100.54
162 |      12 |       6 |       5 |      5 | 0.019039 |     99.49 |    100.23
163 |      10 |       6 |       4 |      1 | 0.014589 |     99.91 |    100.90
166 |      16 |      12 |      11 |     10 | 0.027193 |     99.10 |    100.10
167 |      10 |       7 |       5 |      3 | 0.012733 |     99.94 |    101.08
168 |      18 |       9 |       7 |      2 | 0.013587 |     98.61 |    100.22
169 |      18 |      10 |       8 |      1 | 0.010323 |     98.58 |    100.02
170 |       7 |       5 |       4 |      1 | 0.012317 |     99.93 |    101.01
171 |      20 |      13 |       8 |     35 | 0.023266 |     99.91 |    101.06
172 |       9 |       7 |       5 |      2 | 0.014264 |     99.62 |    100.52
173 |      22 |      16 |      12 |     27 | 0.015894 |     97.94 |    100.13
175 |       7 |       3 |       5 |      1 | 0.010290 |     99.06 |    100.03
176 |       4 |       3 |       2 |      2 | 0.010557 |     99.39 |    100.20
179 |      10 |       8 |       6 |      1 | 0.010064 |     99.03 |    100.06
180 |      12 |       6 |       5 |      1 | 0.010494 |     99.49 |    100.43
181 |      15 |      14 |      10 |      9 | 0.025731 |     99.84 |    102.03
183 |      11 |       8 |       5 |      5 | 0.014452 |     99.06 |    100.16
185 |      19 |       8 |       7 |     23 | 0.018030 |     99.97 |    100.97
186 |      33 |      23 |      17 |     48 | 0.056617 |     99.22 |    101.96
187 |      19 |      15 |      10 |      1 | 0.010317 |     99.00 |    100.31
189 |      27 |      20 |      10 |     32 | 0.032839 |     99.38 |    100.73
190 |       5 |       2 |       2 |      1 | 0.040441 |     99.64 |    100.11
192 |      12 |       9 |       7 |      1 | 0.016655 |     98.54 |    100.00
193 |       5 |       5 |       5 |      4 | 0.023170 |     99.73 |    100.14
194 |       5 |       3 |       2 |      1 | 0.010760 |     99.91 |    100.62
195 |       7 |       7 |       3 |      4 | 0.010905 |     99.54 |    100.54
197 |      21 |      14 |      10 |      4 | 0.021167 |     98.19 |    100.02
198 |       2 |       2 |       2 |      1 | 0.010462 |     99.82 |    100.45
199 |      10 |       5 |       3 |      3 | 0.017808 |     99.15 |    100.02
200 |      11 |       8 |       8 |      2 | 0.011842 |     98.89 |    100.16
202 |      12 |       6 |       5 |      1 | 0.018690 |     98.33 |    100.05
203 |       3 |       3 |       2 |      1 | 0.010359 |     99.50 |    100.15
204 |      17 |       8 |       6 |      8 | 0.019010 |     98.93 |    100.39
205 |      43 |      28 |      22 |     69 | 0.021096 |     97.78 |    100.23
206 |       6 |       5 |       2 |      3 | 0.028360 |     99.73 |    100.84
207 |      11 |       8 |       6 |      2 | 0.010572 |     99.34 |    100.77
208 |      62 |      48 |      31 |    226 | 0.045914 |     99.90 |    102.40
209 |      13 |      11 |       5 |     10 | 0.028951 |     99.48 |    100.24
210 |       9 |       5 |       4 |      1 | 0.012053 |     98.96 |    100.09
212 |       6 |       5 |       3 |      1 | 0.010164 |     99.05 |    100.01
215 |       6 |       3 |       6 |      1 | 0.028979 |     99.89 |    100.64
219 |       7 |       3 |       4 |      6 | 0.016983 |     99.95 |    100.78
221 |      11 |      11 |       9 |      1 | 0.010390 |     99.18 |    100.29
226 |       6 |       6 |       3 |      3 | 0.013161 |     99.97 |    100.93
227 |      13 |       7 |       5 |      4 | 0.014787 |     99.47 |    100.43
230 |      11 |      11 |       8 |      1 | 0.010233 |     98.85 |    100.07
231 |       9 |       3 |       6 |      4 | 0.026440 |    100.00 |    100.61
232 |      14 |       9 |       7 |      6 | 0.025058 |     99.59 |    100.65
236 |      18 |       9 |       9 |      6 | 0.020165 |     98.17 |    100.15
239 |      32 |      22 |      11 |     35 | 0.014505 |     98.48 |    100.28
240 |      13 |       9 |       5 |      3 | 0.017359 |     98.85 |    100.08
242 |      24 |      15 |       8 |     17 | 0.014213 |     99.57 |    101.36
243 |      15 |       9 |       9 |     10 | 0.023256 |     99.64 |    100.39
244 |       7 |       3 |       3 |      2 | 0.021463 |     99.88 |    100.47
245 |       5 |       4 |       3 |      1 | 0.013470 |    100.00 |    100.95
248 |       7 |       4 |       4 |      1 | 0.010331 |     99.84 |    100.37
249 |       4 |       2 |       1 |      1 | 0.013513 |     99.82 |    100.36
250 |       4 |       3 |       2 |      1 | 0.015710 |     99.82 |    100.59
251 |       3 |       2 |       2 |      1 | 0.010518 |     99.85 |    100.22
253 |      10 |       7 |       5 |      1 | 0.010716 |     98.45 |    100.16
254 |      17 |      10 |       5 |     18 | 0.028438 |     99.82 |    100.89
255 |      12 |       9 |       9 |      4 | 0.014282 |     99.07 |    100.15
259 |       8 |       7 |       7 |      1 | 0.010943 |     99.87 |    100.36
265 |      18 |       8 |      10 |      0 | 0.010317 |     99.31 |    100.41
267 |      19 |      12 |       9 |      1 | 0.011057 |     98.73 |    100.12
268 |      22 |       9 |       9 |      4 | 0.012436 |     98.82 |    100.22
270 |      19 |      11 |       7 |      3 | 0.019960 |     99.04 |    100.09
271 |       9 |       5 |       5 |      1 | 0.011343 |     99.99 |    100.98
272 |       3 |       2 |       2 |      2 | 0.016485 |     99.88 |    100.62
273 |     161 |      96 |      66 |    572 | 0.043539 |     96.24 |    100.18
274 |      10 |       5 |       5 |      2 | 0.011105 |     99.72 |    100.38
275 |      20 |      11 |       8 |     25 | 0.039181 |     98.86 |    100.19
276 |       3 |       2 |       2 |      2 | 0.027457 |     99.95 |    100.55
277 |       6 |       6 |       6 |      4 | 0.021025 |     99.53 |    100.16
278 |       9 |       5 |       4 |      1 | 0.010222 |     99.63 |    100.66
280 |       8 |       7 |       5 |      1 | 0.012312 |     99.98 |    101.05
282 |      14 |       7 |       4 |     10 | 0.018594 |     99.42 |    100.72
283 |      15 |       8 |       6 |      4 | 0.011999 |     99.32 |    100.61
284 |      19 |      10 |       8 |      2 | 0.014771 |     99.55 |    100.70
285 |      16 |       9 |       9 |      7 | 0.013134 |     99.68 |    100.90
286 |      14 |       8 |       8 |      3 | 0.013721 |     99.32 |    100.65
287 |      10 |       4 |       5 |      2 | 0.016235 |     99.32 |    100.20
290 |      46 |      32 |      21 |    140 | 0.023558 |     98.76 |    101.03
292 |       2 |       1 |       1 |      1 | 0.014178 |     99.84 |    100.14
293 |       4 |       3 |       3 |      1 | 0.011538 |     99.88 |    100.82
295 |      14 |       8 |       8 |      8 | 0.017768 |     99.74 |    100.63
296 |       9 |       5 |       3 |      1 | 0.012442 |     99.57 |    100.31
298 |      23 |      16 |      13 |     69 | 0.039216 |     99.61 |    101.25
299 |       5 |       4 |       4 |      1 | 0.015083 |     99.67 |    100.63
301 |       2 |       2 |       2 |      3 | 0.015850 |     99.82 |    100.52
303 |       9 |       5 |       4 |      1 | 0.013320 |     99.56 |    100.21
304 |      31 |      18 |      15 |      1 | 0.010346 |     99.31 |    101.16
305 |      21 |      13 |       9 |     13 | 0.022528 |     98.89 |    100.11
306 |      11 |       4 |       6 |      1 | 0.013213 |     98.84 |    100.06
308 |       9 |       6 |       4 |      1 | 0.013214 |     98.96 |    100.19
309 |       3 |       4 |       2 |      3 | 0.013549 |    100.01 |    100.57
311 |     217 |     156 |     113 |    621 | 0.064108 |     95.64 |    100.10
312 |       7 |       4 |       3 |      1 | 0.011896 |     99.52 |    100.29
315 |      11 |       6 |       3 |      4 | 0.013429 |     98.78 |    100.26
316 |       7 |       6 |       4 |      1 | 0.012548 |     99.70 |    100.88
318 |       7 |       7 |       4 |     12 | 0.028178 |     98.83 |    100.18
319 |      35 |      26 |      17 |    132 | 0.061796 |     99.61 |    100.97
321 |      10 |       5 |       4 |      5 | 0.014366 |     99.21 |    100.18
322 |      15 |      12 |       5 |      2 | 0.016348 |     98.77 |    100.11
323 |      35 |      22 |      18 |     66 | 0.016655 |     99.72 |    101.99
325 |      25 |      13 |       7 |     15 | 0.052299 |     99.57 |    100.66
326 |       4 |       2 |       2 |      1 | 0.012172 |     99.65 |    100.23
329 |       8 |       3 |       3 |      1 | 0.016540 |     99.27 |    100.02
330 |       4 |       4 |       1 |      1 | 0.011153 |     99.83 |    100.28
331 |      47 |      39 |      21 |    193 | 0.073769 |     98.24 |    100.08
332 |      13 |      10 |       6 |      2 | 0.011195 |     98.76 |    100.18
333 |       2 |       2 |       2 |      1 | 0.012332 |     99.95 |    100.30
335 |      28 |      14 |      14 |      9 | 0.013294 |     98.74 |    100.13
337 |      15 |      12 |       9 |      4 | 0.017343 |     98.67 |    100.17
338 |       8 |       7 |       6 |      1 | 0.011141 |     99.90 |    100.90
339 |      15 |       7 |       6 |      6 | 0.014892 |     98.90 |    100.00
342 |      19 |      10 |       8 |      5 | 0.015607 |     99.55 |    101.13
343 |      39 |      22 |      16 |     60 | 0.044292 |     99.99 |    101.93
344 |      10 |       6 |       5 |     23 | 0.029971 |     99.85 |    100.93
345 |       3 |       3 |       2 |      2 | 0.011132 |     99.51 |    100.16
348 |      20 |      13 |       9 |      2 | 0.012079 |     99.07 |    100.20
349 |      26 |      21 |      11 |     65 | 0.046819 |     99.46 |    100.65
350 |      24 |      13 |      11 |     27 | 0.029319 |     99.80 |    101.45
351 |      11 |      10 |       4 |      5 | 0.017161 |     99.78 |    100.83
352 |       6 |       3 |       4 |      5 | 0.019758 |    100.02 |    100.86
353 |      16 |      13 |      11 |      9 | 0.019460 |     99.53 |    100.49
355 |      11 |       8 |       6 |      1 | 0.012263 |     99.37 |    100.17
358 |      21 |      17 |      15 |     12 | 0.014199 |     97.58 |    100.36
359 |       7 |       7 |       7 |      9 | 0.015230 |     99.39 |    100.35
360 |      10 |       4 |       3 |      2 | 0.011372 |     99.34 |    100.08
363 |      12 |      10 |       7 |      7 | 0.085729 |     98.08 |    100.09
365 |      12 |       4 |       4 |      2 | 0.010516 |     99.57 |    100.41
366 |      17 |      13 |       9 |      6 | 0.014811 |     99.04 |    100.03
367 |      33 |      18 |      13 |     31 | 0.021160 |     99.55 |    101.65
368 |       9 |       7 |       7 |      4 | 0.012772 |     99.67 |    100.41
370 |       5 |       4 |       4 |      1 | 0.043839 |     99.84 |    100.51
372 |      23 |      17 |      12 |      6 | 0.012331 |     98.59 |    101.39
373 |       8 |       6 |       4 |      3 | 0.014269 |     99.75 |    100.48
374 |       9 |       6 |       4 |      2 | 0.013320 |     99.57 |    100.66
377 |       5 |       5 |       4 |      0 | 0.010000 |     99.33 |    100.04
378 |      32 |      18 |      15 |     43 | 0.024881 |     98.73 |    100.37
381 |       5 |       2 |       1 |      1 | 0.011545 |     99.50 |    100.02
382 |       9 |       9 |       8 |      1 | 0.012628 |     99.31 |    100.36
383 |       7 |       6 |       5 |      3 | 0.014356 |     99.95 |    101.52
384 |       6 |       5 |       3 |      1 | 0.011461 |     98.97 |    100.04
385 |      13 |       9 |       6 |      1 | 0.017307 |     99.45 |    100.74
386 |       9 |       7 |       7 |      1 | 0.011537 |     99.90 |    101.28
388 |      10 |       7 |       5 |     25 | 0.025015 |     99.11 |    100.17
389 |      28 |      22 |      15 |     23 | 0.013058 |     97.91 |    100.14
390 |       4 |       3 |       3 |      2 | 0.013934 |     99.65 |    100.32
391 |      16 |      11 |       7 |     15 | 0.022248 |     99.85 |    100.73
393 |      18 |       9 |       7 |      6 | 0.014802 |     99.99 |    101.30
396 |      16 |       9 |       5 |     20 | 0.031480 |     99.28 |    100.09
401 |       5 |       4 |       2 |      1 | 0.010589 |     99.46 |    100.15
403 |       3 |       1 |       1 |      1 | 0.018671 |     99.97 |    100.39
404 |      25 |      15 |      11 |      6 | 0.012064 |     98.83 |    100.19
405 |      10 |       7 |       5 |     20 | 0.045297 |     99.80 |    100.49
407 |       8 |       6 |       4 |      2 | 0.018482 |     99.74 |    101.23
408 |      12 |      11 |       8 |      3 | 0.011056 |     98.71 |    100.41
409 |       9 |       6 |       4 |      1 | 0.013543 |     98.99 |    100.06
410 |      13 |       9 |       7 |      8 | 0.013576 |     99.53 |    100.69
413 |       5 |       4 |       3 |      4 | 0.016574 |     99.87 |    100.56
416 |       5 |       3 |       3 |      1 | 0.012898 |     99.61 |    100.37
417 |       8 |       4 |       3 |      3 | 0.014294 |     99.20 |    100.07
419 |      26 |      18 |      17 |     19 | 0.017222 |     99.41 |    101.91
421 |     152 |      95 |      73 |    595 | 0.056144 |     93.74 |    100.59
424 |      13 |      12 |       7 |      7 | 0.015615 |     98.94 |    100.01
428 |       6 |       5 |       3 |      4 | 0.014025 |     99.99 |    100.61
432 |       4 |       3 |       2 |      2 | 0.013188 |     99.85 |    100.49
433 |      17 |       9 |       7 |     12 | 0.037088 |     99.76 |    100.54
434 |      15 |       9 |       8 |      5 | 0.019735 |     99.60 |    100.31
437 |      19 |      13 |       7 |     15 | 0.015930 |     99.45 |    100.43
438 |       4 |       3 |       2 |      1 | 0.017648 |     99.83 |    100.75
439 |      11 |       7 |       5 |      1 | 0.012720 |     99.54 |    100.11
440 |      14 |      10 |       8 |      3 | 0.012865 |     99.59 |    100.64
443 |      10 |       6 |       7 |      2 | 0.021542 |     99.26 |    100.09
445 |       2 |       2 |       1 |      1 | 0.012246 |     99.63 |    100.07
446 |      28 |      17 |      13 |     60 | 0.031796 |     97.01 |    100.40
447 |       4 |       4 |       4 |      1 | 0.022668 |     99.77 |    100.27
448 |      39 |      25 |      16 |    107 | 0.029147 |     98.23 |    100.25
451 |       8 |       3 |       3 |      7 | 0.022907 |     99.78 |    100.88
453 |       9 |       6 |       4 |      1 | 0.014959 |     99.85 |    100.61
454 |       6 |       5 |       4 |      1 | 0.013987 |     99.98 |    100.88
455 |      27 |      16 |      13 |     23 | 0.018239 |     99.51 |    100.33
456 |      14 |      10 |       7 |     17 | 0.042490 |    100.02 |    101.45
457 |      13 |       9 |       8 |     13 | 0.019284 |     99.79 |    100.92
460 |       9 |       4 |       4 |      1 | 0.011119 |     99.56 |    100.49
461 |      19 |      18 |      13 |     15 | 0.018689 |     99.68 |    100.70
462 |      13 |       9 |       6 |      1 | 0.011186 |     99.53 |    100.32
463 |      18 |      16 |      14 |     39 | 0.025980 |     99.30 |    100.54
464 |       5 |       5 |       5 |      5 | 0.034028 |     99.82 |    100.69
470 |       7 |       6 |       3 |      1 | 0.011952 |     99.89 |    101.07
471 |      15 |       8 |       6 |      4 | 0.013373 |     99.35 |    100.59
474 |       9 |       5 |       3 |      2 | 0.011588 |     99.75 |    100.16
475 |      11 |       7 |       5 |      1 | 0.010126 |     99.44 |    100.33
476 |      12 |       8 |       5 |      1 | 0.010671 |     99.51 |    100.46
477 |      22 |      16 |      10 |      3 | 0.017943 |     99.96 |    101.36
478 |       3 |       2 |       2 |      1 | 0.010465 |     99.64 |    100.11
479 |      20 |      13 |       8 |      1 | 0.012136 |     99.93 |    101.19
480 |      39 |      31 |      17 |    104 | 0.051019 |     99.19 |    100.55
481 |       5 |       2 |       2 |      1 | 0.010879 |     99.89 |    100.53
482 |       8 |       5 |       4 |      1 | 0.017113 |     99.99 |    100.70
483 |      12 |       4 |       4 |      1 | 0.019616 |     99.16 |    100.01
488 |      19 |      15 |       8 |     23 | 0.034734 |     99.32 |    100.85
492 |      32 |      22 |      15 |     52 | 0.029984 |     98.53 |    100.20
497 |       5 |       3 |       3 |      1 | 0.011210 |     99.71 |    100.49
498 |      13 |      12 |       8 |      1 | 0.010710 |     99.11 |    100.36
502 |      11 |       8 |       6 |      3 | 0.014259 |     99.96 |    100.96
503 |       3 |       3 |       1 |      1 | 0.020278 |     99.89 |    100.23
504 |      23 |      17 |      18 |     12 | 0.014152 |     99.95 |    102.22
505 |       8 |       5 |       3 |      3 | 0.022890 |     99.72 |    100.51
507 |      14 |       9 |       8 |      1 | 0.012940 |     99.01 |    100.73
509 |       5 |       4 |       2 |      3 | 0.014006 |     99.68 |    100.15

Total pairs (0.20): 5156 | Avg: 17.07
Total pairs (0.25): 3469 | Avg: 11.49
Total pairs (0.30): 2549 | Avg: 8.44
Total trades: 6565 | Avg: 21.74

==========================================================================================

OVERALL SUMMARY
==========================================================================================
Total valid days processed: 510
  Category A (ATR < 0.01): 201 days
  Category B (ATR > 0.01, no signals): 7 days
  Category C (ATR > 0.01, signals): 302 days
  Failed/Invalid days: 0 days

Total price jump pairs (0.20): 6330
Total price jump pairs (0.25): 4233
Total price jump pairs (0.30): 3119
Total strategy trades across all days: 6565

Average pairs per day (0.20): 12.41
Average pairs per day (0.25): 8.30
Average pairs per day (0.30): 6.12
Average trades per day (all days): 12.87

==========================================================================================
END OF REPORT
==========================================================================================
