========================================================================================================================
MULTI-FACTOR MARKET REGIME SCORING SUMMARY
========================================================================================================================

Data Directory: /data/quant14/EBY
ATR Window: 600 | SMA Window: 600
ATR Threshold: 0.01 | Vol Threshold: 0.06
Price Range Threshold: 0.7
Days Processed: 279 / 279
========================================================================================================================

SECTION A — ATR > 0.01 and Considered Trades > 8 → Score +1
Day | ATR Hit @Index | ATR Value | Considered | Missed | Total | Price Min | Price Max | Score_A
----|----------------|------------|-------------|--------|--------|-----------|-----------|--------
 10 |              5 |    0.01121 |          11 |      0 |     11 |     98.72 |    100.40 |       1
 19 |              0 |    0.04428 |           9 |      0 |      9 |     98.26 |     99.96 |       1
 20 |              2 |    0.01876 |          12 |      0 |     12 |     98.80 |    100.01 |       1
 25 |              1 |    0.01092 |          10 |      0 |     10 |     99.09 |    100.80 |       1
 50 |              0 |    0.01191 |           9 |      0 |      9 |     99.92 |    102.13 |       1
 58 |            708 |    0.01001 |          12 |      0 |     12 |     99.33 |    100.29 |       1
 61 |              0 |    0.01984 |          20 |      0 |     20 |     99.71 |    100.92 |       1
 68 |              0 |    0.01874 |           9 |      0 |      9 |     99.89 |    100.76 |       1
 72 |              0 |    0.02039 |          10 |      0 |     10 |     98.74 |    100.81 |       1
104 |              0 |    0.02199 |         175 |      0 |    175 |     91.42 |    100.50 |       1
107 |              0 |    0.01582 |           9 |      0 |      9 |    100.00 |    101.43 |       1
110 |              0 |    0.01455 |          33 |      0 |     33 |     98.75 |    102.88 |       1
115 |              0 |    0.01541 |          18 |      0 |     18 |     98.20 |    100.12 |       1
123 |              3 |    0.01149 |          11 |      0 |     11 |     98.36 |    100.07 |       1
128 |              0 |    0.01885 |           9 |      0 |      9 |     99.52 |    101.00 |       1
135 |              0 |    0.02480 |          14 |      0 |     14 |     98.43 |    100.61 |       1
137 |              0 |    0.01826 |          10 |      0 |     10 |     99.68 |    101.26 |       1
147 |              0 |    0.02272 |           9 |      0 |      9 |     99.75 |    100.97 |       1
158 |              0 |    0.02825 |          13 |      0 |     13 |     99.13 |    100.60 |       1
162 |              0 |    0.01076 |          15 |      0 |     15 |     97.98 |    100.10 |       1
165 |              0 |    0.08412 |          34 |      0 |     34 |     96.29 |    100.77 |       1
174 |              0 |    0.02736 |          19 |      0 |     19 |     98.76 |    100.63 |       1
177 |              0 |    0.02215 |           9 |      0 |      9 |     99.95 |    100.94 |       1
182 |              0 |    0.02092 |          14 |      0 |     14 |     98.61 |    101.17 |       1
185 |              0 |    0.02501 |          16 |      0 |     16 |     98.43 |    100.12 |       1
194 |              0 |    0.01167 |          11 |      0 |     11 |     99.10 |    100.60 |       1
209 |          10731 |    0.01001 |          19 |      5 |     24 |     99.14 |    101.58 |       1
228 |              0 |    0.01294 |          11 |      0 |     11 |     99.60 |    101.04 |       1
234 |              0 |    0.01242 |           9 |      0 |      9 |     99.66 |    100.90 |       1
237 |              0 |    0.04982 |           9 |      0 |      9 |     99.66 |    100.68 |       1
263 |              0 |    0.01837 |          11 |      0 |     11 |     99.01 |    100.10 |       1
275 |              0 |    0.01176 |          10 |      0 |     10 |     98.06 |    100.18 |       1
277 |              0 |    0.01965 |          13 |      0 |     13 |     98.08 |    100.13 |       1

TOTAL SCORE (Section A): 33

========================================================================================================================
SECTION B — Volatility > 0.06 and Considered Trades > 8 → Score +1
Day | Vol Hit @Index | Vol Value | Considered | Missed | Total | Price Min | Price Max | Score_B
----|----------------|------------|-------------|--------|--------|-----------|-----------|--------
 10 |            745 |    0.06006 |          11 |      0 |     11 |     98.72 |    100.40 |       1
 19 |            599 |    0.09047 |           9 |      0 |      9 |     98.26 |     99.96 |       1
 20 |            599 |    0.12480 |          12 |      0 |     12 |     98.80 |    100.01 |       1
 25 |            711 |    0.06025 |          10 |      0 |     10 |     99.09 |    100.80 |       1
 50 |            599 |    0.16663 |           9 |      0 |      9 |     99.92 |    102.13 |       1
 58 |            599 |    0.07528 |          12 |      0 |     12 |     99.33 |    100.29 |       1
 61 |            599 |    0.10192 |          20 |      0 |     20 |     99.71 |    100.92 |       1
 68 |            599 |    0.06699 |           9 |      0 |      9 |     99.89 |    100.76 |       1
 72 |            599 |    0.06144 |          10 |      0 |     10 |     98.74 |    100.81 |       1
104 |            599 |    0.48724 |         175 |      0 |    175 |     91.42 |    100.50 |       1
107 |            599 |    0.07083 |           9 |      0 |      9 |    100.00 |    101.43 |       1
110 |            599 |    0.41583 |          33 |      0 |     33 |     98.75 |    102.88 |       1
115 |            599 |    0.12037 |          18 |      0 |     18 |     98.20 |    100.12 |       1
123 |           2032 |    0.06001 |          11 |      0 |     11 |     98.36 |    100.07 |       1
128 |            599 |    0.09684 |           9 |      0 |      9 |     99.52 |    101.00 |       1
135 |           1261 |    0.06000 |          14 |      0 |     14 |     98.43 |    100.61 |       1
137 |           1296 |    0.06004 |          10 |      0 |     10 |     99.68 |    101.26 |       1
147 |           1053 |    0.06013 |           9 |      0 |      9 |     99.75 |    100.97 |       1
158 |            599 |    0.16604 |          13 |      0 |     13 |     99.13 |    100.60 |       1
162 |            982 |    0.06009 |          15 |      0 |     15 |     97.98 |    100.10 |       1
165 |            599 |    0.93059 |          34 |      0 |     34 |     96.29 |    100.77 |       1
174 |           1243 |    0.06026 |          19 |      0 |     19 |     98.76 |    100.63 |       1
177 |            599 |    0.18409 |           9 |      0 |      9 |     99.95 |    100.94 |       1
182 |            599 |    0.10130 |          14 |      0 |     14 |     98.61 |    101.17 |       1
185 |           1045 |    0.06003 |          16 |      0 |     16 |     98.43 |    100.12 |       1
194 |            599 |    0.08813 |          11 |      0 |     11 |     99.10 |    100.60 |       1
209 |           1396 |    0.06033 |          19 |      5 |     24 |     99.14 |    101.58 |       1
228 |           2440 |    0.06025 |          11 |      0 |     11 |     99.60 |    101.04 |       1
234 |           2750 |    0.06009 |           9 |      0 |      9 |     99.66 |    100.90 |       1
237 |            599 |    0.12413 |           9 |      0 |      9 |     99.66 |    100.68 |       1
263 |            599 |    0.07542 |          11 |      0 |     11 |     99.01 |    100.10 |       1
275 |           2305 |    0.06001 |          10 |      0 |     10 |     98.06 |    100.18 |       1
277 |            599 |    0.06134 |          13 |      0 |     13 |     98.08 |    100.13 |       1

TOTAL SCORE (Section B): 33

========================================================================================================================
SECTION C — Absolute Price Range > 0.7 → Score +1
Day | Price Range | Price Min | Price Max | Score_C
----|--------------|-----------|-----------|--------
  0 |        0.963 |     99.50 |    100.47 |       1
  1 |        1.110 |     99.67 |    100.78 |       1
  2 |        1.019 |     99.35 |    100.37 |       1
  3 |        0.718 |     99.27 |     99.98 |       1
  5 |        0.871 |     99.37 |    100.24 |       1
  6 |        1.683 |     98.91 |    100.59 |       1
  7 |        1.118 |     99.87 |    100.99 |       1
  9 |        0.758 |     99.45 |    100.20 |       1
 10 |        1.678 |     98.72 |    100.40 |       1
 12 |        0.875 |     99.51 |    100.38 |       1
 13 |        1.395 |     99.77 |    101.17 |       1
 14 |        1.037 |     99.08 |    100.12 |       1
 15 |        0.900 |    100.01 |    100.91 |       1
 18 |        1.219 |     98.92 |    100.14 |       1
 19 |        1.697 |     98.26 |     99.96 |       1
 20 |        1.208 |     98.80 |    100.01 |       1
 21 |        0.993 |     99.45 |    100.44 |       1
 22 |        2.319 |     99.90 |    102.22 |       1
 23 |        0.782 |     99.28 |    100.07 |       1
 24 |        1.066 |     99.98 |    101.05 |       1
 25 |        1.712 |     99.09 |    100.80 |       1
 28 |        0.834 |     99.29 |    100.13 |       1
 29 |        0.716 |     99.45 |    100.17 |       1
 30 |        1.242 |     99.54 |    100.78 |       1
 31 |        1.254 |     99.83 |    101.08 |       1
 33 |        0.938 |     99.79 |    100.72 |       1
 34 |        0.788 |     99.72 |    100.51 |       1
 38 |        1.579 |     98.50 |    100.08 |       1
 40 |        1.113 |     99.76 |    100.87 |       1
 41 |        0.933 |     99.32 |    100.26 |       1
 42 |        1.149 |     98.85 |    100.00 |       1
 43 |        1.723 |     98.86 |    100.58 |       1
 47 |        0.948 |     99.07 |    100.02 |       1
 49 |        1.175 |     98.84 |    100.02 |       1
 50 |        2.211 |     99.92 |    102.13 |       1
 53 |        0.760 |     99.91 |    100.67 |       1
 54 |        0.964 |     99.96 |    100.92 |       1
 56 |        1.429 |     99.07 |    100.49 |       1
 58 |        0.956 |     99.33 |    100.29 |       1
 61 |        1.208 |     99.71 |    100.92 |       1
 62 |        1.126 |     99.14 |    100.26 |       1
 63 |        1.104 |     99.95 |    101.06 |       1
 67 |        1.057 |     99.80 |    100.86 |       1
 68 |        0.869 |     99.89 |    100.76 |       1
 69 |        1.029 |     99.92 |    100.95 |       1
 72 |        2.067 |     98.74 |    100.81 |       1
 73 |        1.025 |     99.83 |    100.86 |       1
 76 |        1.359 |     99.73 |    101.09 |       1
 77 |        1.430 |     99.79 |    101.22 |       1
 78 |        1.176 |     99.23 |    100.41 |       1
 79 |        1.149 |     98.96 |    100.11 |       1
 82 |        0.948 |     99.59 |    100.54 |       1
 84 |        0.907 |     99.88 |    100.78 |       1
 85 |        1.536 |     99.42 |    100.95 |       1
 86 |        0.861 |     99.23 |    100.09 |       1
 88 |        1.239 |     99.78 |    101.02 |       1
 89 |        1.115 |     99.45 |    100.56 |       1
 90 |        1.340 |     99.60 |    100.94 |       1
 91 |        1.234 |     99.19 |    100.42 |       1
 92 |        1.337 |     99.83 |    101.17 |       1
 95 |        0.764 |     99.59 |    100.35 |       1
 98 |        0.961 |     99.27 |    100.24 |       1
104 |        9.079 |     91.42 |    100.50 |       1
105 |        0.918 |    100.00 |    100.91 |       1
107 |        1.426 |    100.00 |    101.43 |       1
108 |        1.139 |     99.63 |    100.77 |       1
109 |        0.724 |     99.96 |    100.68 |       1
110 |        4.133 |     98.75 |    102.88 |       1
112 |        1.030 |     99.62 |    100.65 |       1
115 |        1.915 |     98.20 |    100.12 |       1
116 |        1.188 |     99.91 |    101.10 |       1
118 |        1.214 |     99.78 |    100.99 |       1
119 |        0.712 |     99.78 |    100.49 |       1
120 |        0.809 |     99.65 |    100.46 |       1
122 |        0.816 |     99.74 |    100.56 |       1
123 |        1.712 |     98.36 |    100.07 |       1
126 |        1.087 |     99.16 |    100.25 |       1
127 |        1.433 |     98.95 |    100.38 |       1
128 |        1.476 |     99.52 |    101.00 |       1
129 |        0.992 |     99.22 |    100.21 |       1
134 |        1.368 |     99.59 |    100.96 |       1
135 |        2.179 |     98.43 |    100.61 |       1
136 |        1.000 |     99.19 |    100.19 |       1
137 |        1.582 |     99.68 |    101.26 |       1
138 |        1.264 |     99.45 |    100.71 |       1
139 |        0.723 |     99.57 |    100.29 |       1
141 |        1.114 |     99.65 |    100.77 |       1
143 |        0.936 |     99.70 |    100.64 |       1
145 |        0.726 |     99.27 |     99.99 |       1
147 |        1.218 |     99.75 |    100.97 |       1
149 |        1.309 |     99.13 |    100.44 |       1
150 |        0.804 |     99.53 |    100.33 |       1
151 |        1.143 |     99.31 |    100.45 |       1
152 |        0.810 |     99.91 |    100.72 |       1
153 |        1.263 |     99.79 |    101.05 |       1
157 |        0.776 |     99.59 |    100.37 |       1
158 |        1.475 |     99.13 |    100.60 |       1
159 |        0.840 |     99.39 |    100.23 |       1
162 |        2.113 |     97.98 |    100.10 |       1
164 |        0.742 |     99.31 |    100.05 |       1
165 |        4.479 |     96.29 |    100.77 |       1
167 |        1.112 |     99.52 |    100.63 |       1
168 |        1.754 |     98.75 |    100.50 |       1
169 |        1.885 |     99.99 |    101.88 |       1
173 |        1.494 |     98.55 |    100.04 |       1
174 |        1.871 |     98.76 |    100.63 |       1
175 |        1.323 |     99.99 |    101.31 |       1
176 |        1.064 |     99.98 |    101.04 |       1
177 |        0.997 |     99.95 |    100.94 |       1
181 |        0.850 |     99.49 |    100.35 |       1
182 |        2.555 |     98.61 |    101.17 |       1
184 |        0.980 |     99.41 |    100.39 |       1
185 |        1.695 |     98.43 |    100.12 |       1
187 |        1.559 |     98.57 |    100.13 |       1
188 |        0.703 |     99.81 |    100.51 |       1
189 |        1.110 |     98.98 |    100.09 |       1
190 |        1.003 |     98.99 |    100.00 |       1
191 |        0.796 |     99.63 |    100.43 |       1
192 |        0.948 |     99.34 |    100.29 |       1
193 |        0.872 |     99.16 |    100.03 |       1
194 |        1.498 |     99.10 |    100.60 |       1
195 |        0.894 |     99.60 |    100.49 |       1
196 |        0.715 |     99.86 |    100.58 |       1
200 |        0.827 |     99.33 |    100.15 |       1
201 |        0.778 |     99.34 |    100.12 |       1
202 |        1.529 |     98.62 |    100.15 |       1
205 |        1.201 |     98.83 |    100.03 |       1
206 |        0.799 |     99.98 |    100.78 |       1
207 |        0.933 |     99.82 |    100.75 |       1
209 |        2.438 |     99.14 |    101.58 |       1
210 |        0.899 |     99.20 |    100.10 |       1
211 |        1.132 |     99.90 |    101.03 |       1
212 |        0.968 |     99.03 |    100.00 |       1
213 |        0.972 |     99.82 |    100.79 |       1
214 |        0.899 |     99.88 |    100.78 |       1
215 |        0.924 |     99.86 |    100.78 |       1
217 |        1.258 |     98.81 |    100.07 |       1
218 |        1.457 |     98.73 |    100.19 |       1
220 |        0.738 |     99.65 |    100.39 |       1
222 |        1.399 |     99.76 |    101.16 |       1
223 |        0.995 |     99.79 |    100.79 |       1
224 |        0.984 |     99.62 |    100.60 |       1
225 |        0.806 |     99.22 |    100.02 |       1
226 |        0.922 |     99.75 |    100.67 |       1
228 |        1.446 |     99.60 |    101.04 |       1
229 |        0.770 |     99.43 |    100.20 |       1
230 |        1.250 |     98.97 |    100.22 |       1
232 |        0.930 |     99.91 |    100.84 |       1
234 |        1.234 |     99.66 |    100.90 |       1
235 |        1.175 |     99.22 |    100.40 |       1
236 |        0.793 |     99.99 |    100.78 |       1
237 |        1.017 |     99.66 |    100.68 |       1
238 |        0.949 |     99.55 |    100.50 |       1
239 |        1.169 |     99.76 |    100.93 |       1
240 |        0.861 |     99.43 |    100.29 |       1
242 |        0.810 |     99.83 |    100.64 |       1
244 |        1.700 |     99.92 |    101.62 |       1
247 |        0.759 |     99.99 |    100.75 |       1
248 |        1.159 |     98.86 |    100.02 |       1
251 |        1.009 |     99.84 |    100.85 |       1
252 |        1.995 |     99.82 |    101.81 |       1
255 |        1.071 |     99.35 |    100.43 |       1
256 |        0.942 |     99.74 |    100.68 |       1
257 |        1.829 |     99.99 |    101.82 |       1
258 |        1.016 |     99.29 |    100.31 |       1
259 |        0.702 |     99.50 |    100.20 |       1
260 |        1.016 |     99.94 |    100.95 |       1
261 |        1.366 |     99.60 |    100.96 |       1
262 |        1.579 |     98.44 |    100.02 |       1
263 |        1.085 |     99.01 |    100.10 |       1
264 |        0.738 |     99.99 |    100.72 |       1
265 |        1.004 |     99.48 |    100.49 |       1
275 |        2.121 |     98.06 |    100.18 |       1
276 |        1.007 |     99.21 |    100.22 |       1
277 |        2.052 |     98.08 |    100.13 |       1

TOTAL SCORE (Section C): 175

========================================================================================================================
SECTION D — ATR > 0.01 and Vol > 0.06 → Score +2
Day | ATR Hit @Index | ATR Value | Vol Value | Score_D
----|----------------|------------|------------|--------
  0 |              1 |    0.01108 |    0.06003 |       2
  1 |              1 |    0.01147 |    0.06005 |       2
  3 |              0 |    0.02573 |    0.06022 |       2
  7 |              0 |    0.01016 |    0.06005 |       2
 10 |              5 |    0.01121 |    0.06006 |       2
 11 |              0 |    0.01594 |    0.06009 |       2
 12 |              0 |    0.01301 |    0.08760 |       2
 13 |              0 |    0.01629 |    0.09062 |       2
 15 |              0 |    0.01661 |    0.06015 |       2
 17 |             11 |    0.01025 |    0.06006 |       2
 18 |              3 |    0.01019 |    0.13507 |       2
 19 |              0 |    0.04428 |    0.09047 |       2
 20 |              2 |    0.01876 |    0.12480 |       2
 21 |              1 |    0.01040 |    0.06020 |       2
 25 |              1 |    0.01092 |    0.06025 |       2
 26 |              0 |    0.02030 |    0.06945 |       2
 28 |              0 |    0.01052 |    0.06011 |       2
 29 |              0 |    0.01455 |    0.06007 |       2
 30 |              0 |    0.01050 |    0.06011 |       2
 31 |              1 |    0.01106 |    0.07490 |       2
 34 |              0 |    0.01567 |    0.06003 |       2
 37 |              0 |    0.02275 |    0.06005 |       2
 39 |              1 |    0.01118 |    0.06026 |       2
 44 |              0 |    0.03278 |    0.06009 |       2
 46 |              0 |    0.01252 |    0.06000 |       2
 47 |              0 |    0.01451 |    0.06012 |       2
 48 |              0 |    0.02626 |    0.06005 |       2
 49 |              0 |    0.01512 |    0.06015 |       2
 50 |              0 |    0.01191 |    0.16663 |       2
 51 |              1 |    0.01105 |    0.06007 |       2
 53 |              0 |    0.04192 |    0.06013 |       2
 54 |              0 |    0.01610 |    0.06017 |       2
 58 |            708 |    0.01001 |    0.07528 |       2
 59 |              0 |    0.04836 |    0.06008 |       2
 61 |              0 |    0.01984 |    0.10192 |       2
 62 |              0 |    0.01013 |    0.06419 |       2
 64 |              1 |    0.01786 |    0.07467 |       2
 67 |              0 |    0.01300 |    0.06029 |       2
 68 |              0 |    0.01874 |    0.06699 |       2
 70 |              0 |    0.01176 |    0.06002 |       2
 72 |              0 |    0.02039 |    0.06144 |       2
 73 |              1 |    0.01178 |    0.06320 |       2
 74 |              0 |    0.01816 |    0.06034 |       2
 75 |              0 |    0.01192 |    0.10231 |       2
 76 |              0 |    0.01694 |    0.06007 |       2
 77 |              0 |    0.01786 |    0.06941 |       2
 79 |              0 |    0.01162 |    0.06009 |       2
 80 |              0 |    0.01124 |    0.06003 |       2
 82 |              1 |    0.01618 |    0.09640 |       2
 83 |              0 |    0.01327 |    0.10243 |       2
 87 |              0 |    0.01442 |    0.06006 |       2
 88 |              0 |    0.02504 |    0.06013 |       2
 89 |              2 |    0.01146 |    0.06023 |       2
 90 |              0 |    0.01568 |    0.10209 |       2
 91 |              0 |    0.01692 |    0.06004 |       2
 92 |              0 |    0.03031 |    0.15452 |       2
 94 |              2 |    0.01057 |    0.06696 |       2
 96 |              2 |    0.01205 |    0.06016 |       2
 97 |              0 |    0.02013 |    0.06002 |       2
 98 |              0 |    0.01008 |    0.06003 |       2
102 |              0 |    0.01793 |    0.06616 |       2
104 |              0 |    0.02199 |    0.48724 |       2
107 |              0 |    0.01582 |    0.07083 |       2
110 |              0 |    0.01455 |    0.41583 |       2
112 |              0 |    0.01264 |    0.07467 |       2
115 |              0 |    0.01541 |    0.12037 |       2
116 |              0 |    0.01095 |    0.06001 |       2
119 |              0 |    0.01299 |    0.06063 |       2
120 |              0 |    0.01996 |    0.06002 |       2
121 |              1 |    0.01268 |    0.06000 |       2
123 |              3 |    0.01149 |    0.06001 |       2
124 |              0 |    0.01334 |    0.06000 |       2
126 |              0 |    0.03075 |    0.06009 |       2
128 |              0 |    0.01885 |    0.09684 |       2
131 |              0 |    0.01042 |    0.06028 |       2
132 |              0 |    0.01583 |    0.06013 |       2
135 |              0 |    0.02480 |    0.06000 |       2
136 |              0 |    0.02021 |    0.06945 |       2
137 |              0 |    0.01826 |    0.06004 |       2
138 |              2 |    0.01157 |    0.16358 |       2
139 |              1 |    0.01436 |    0.06015 |       2
141 |              0 |    0.02131 |    0.08155 |       2
144 |              0 |    0.02772 |    0.06016 |       2
145 |              0 |    0.01140 |    0.08091 |       2
147 |              0 |    0.02272 |    0.06013 |       2
150 |              1 |    0.01844 |    0.06006 |       2
152 |              1 |    0.01210 |    0.06008 |       2
153 |              4 |    0.01222 |    0.06005 |       2
154 |              4 |    0.01042 |    0.10894 |       2
155 |              0 |    0.01566 |    0.07627 |       2
157 |              1 |    0.01228 |    0.06024 |       2
158 |              0 |    0.02825 |    0.16604 |       2
160 |              1 |    0.01256 |    0.09888 |       2
162 |              0 |    0.01076 |    0.06009 |       2
165 |              0 |    0.08412 |    0.93059 |       2
167 |              1 |    0.01104 |    0.14865 |       2
168 |              1 |    0.01021 |    0.06960 |       2
169 |              0 |    0.03486 |    0.06313 |       2
172 |              0 |    0.01756 |    0.06038 |       2
174 |              0 |    0.02736 |    0.06026 |       2
175 |              0 |    0.01131 |    0.10276 |       2
176 |              0 |    0.01392 |    0.07321 |       2
177 |              0 |    0.02215 |    0.18409 |       2
179 |              0 |    0.01888 |    0.06015 |       2
180 |              0 |    0.03027 |    0.06039 |       2
181 |              2 |    0.01008 |    0.06001 |       2
182 |              0 |    0.02092 |    0.10130 |       2
184 |              0 |    0.02840 |    0.07174 |       2
185 |              0 |    0.02501 |    0.06003 |       2
186 |              0 |    0.01054 |    0.06010 |       2
187 |              0 |    0.01134 |    0.06006 |       2
192 |              0 |    0.02374 |    0.06013 |       2
194 |              0 |    0.01167 |    0.08813 |       2
195 |              0 |    0.02654 |    0.09663 |       2
196 |              0 |    0.01693 |    0.06012 |       2
197 |              0 |    0.01327 |    0.06012 |       2
199 |              0 |    0.01614 |    0.06024 |       2
202 |              0 |    0.01510 |    0.06007 |       2
206 |              0 |    0.01434 |    0.08842 |       2
207 |          20576 |    0.01001 |    0.06010 |       2
208 |              1 |    0.01268 |    0.06102 |       2
209 |          10731 |    0.01001 |    0.06033 |       2
211 |              0 |    0.02962 |    0.06017 |       2
212 |              0 |    0.01225 |    0.12320 |       2
214 |              0 |    0.02177 |    0.07060 |       2
215 |              0 |    0.01849 |    0.06004 |       2
216 |              1 |    0.01414 |    0.06009 |       2
217 |              0 |    0.01584 |    0.06028 |       2
218 |              0 |    0.01743 |    0.06010 |       2
224 |              1 |    0.01583 |    0.06950 |       2
226 |             11 |    0.01137 |    0.07045 |       2
228 |              0 |    0.01294 |    0.06025 |       2
231 |              0 |    0.02666 |    0.06004 |       2
233 |              0 |    0.01727 |    0.06008 |       2
234 |              0 |    0.01242 |    0.06009 |       2
235 |              0 |    0.01015 |    0.06002 |       2
237 |              0 |    0.04982 |    0.12413 |       2
238 |              2 |    0.01287 |    0.08652 |       2
245 |              0 |    0.01867 |    0.06013 |       2
246 |              2 |    0.01011 |    0.06003 |       2
250 |              0 |    0.02913 |    0.06587 |       2
251 |              0 |    0.01071 |    0.07852 |       2
253 |              0 |    0.02416 |    0.06001 |       2
255 |              0 |    0.02721 |    0.06353 |       2
256 |              0 |    0.02858 |    0.07578 |       2
257 |              1 |    0.01282 |    0.06011 |       2
258 |              0 |    0.01800 |    0.06011 |       2
260 |              4 |    0.01072 |    0.06004 |       2
261 |              0 |    0.01422 |    0.06011 |       2
263 |              0 |    0.01837 |    0.07542 |       2
264 |              3 |    0.01029 |    0.09803 |       2
265 |              0 |    0.04120 |    0.06018 |       2
266 |              0 |    0.01387 |    0.06009 |       2
269 |              6 |    0.01157 |    0.06009 |       2
271 |              0 |    0.01771 |    0.06007 |       2
272 |              0 |    0.01162 |    0.08529 |       2
275 |              0 |    0.01176 |    0.06001 |       2
277 |              0 |    0.01965 |    0.06134 |       2

TOTAL SCORE (Section D): 316

========================================================================================================================
OVERALL TOTAL SCORE SUMMARY
========================================================================================================================
Section A (ATR): 33
Section B (Vol): 33
Section C (Range): 175
Section D (ATR+Vol): 316

GRAND TOTAL SCORE: 557
========================================================================================================================
END OF REPORT
========================================================================================================================
