===================================================================================================================
PB9_T1 — COMBINED ATR + VOLATILITY STRENGTH SUMMARY (PARALLEL 25 CPU)
===================================================================================================================

Data Directory: /data/quant14/EBY
ATR Window: 300 | ATR Threshold: 0.01
SMA Window: 300 | VOL Threshold: 0.06
Days Processed: 279 / 279

===================================================================================================================
SECTION A — Days where ATR > 0.01 and VOL ≥ 0.06
===================================================================================================================
Day | ATR Hit @Index | ATR Value | Vol Hit @Index | Vol Value | Considered | Missed | Total | PB9 Min | PB9 Max
----|----------------|------------|----------------|------------|-------------|--------|--------|----------|----------
  7 |              0 |    0.01016 |            431 |    0.06004 |          10 |      0 |     10 |    99.87 |   100.99
 10 |              5 |    0.01121 |           1094 |    0.06014 |          11 |      0 |     11 |    98.72 |   100.40
 19 |              0 |    0.04428 |            299 |    0.06662 |           9 |      0 |      9 |    98.26 |   100.00
 20 |              2 |    0.01876 |            299 |    0.12680 |          12 |      0 |     12 |    98.80 |   100.01
 22 |           1698 |    0.01001 |            386 |    0.06073 |          15 |      1 |     16 |    99.90 |   102.22
 25 |              1 |    0.01092 |            658 |    0.06015 |          10 |      0 |     10 |    99.09 |   100.80
 50 |              0 |    0.01191 |            309 |    0.06015 |           9 |      0 |      9 |    99.92 |   102.13
 58 |            406 |    0.01009 |            299 |    0.07258 |          12 |      0 |     12 |    99.33 |   100.29
 61 |              0 |    0.01984 |            299 |    0.10628 |          18 |      0 |     18 |    99.71 |   100.92
 68 |              0 |    0.01874 |            545 |    0.06019 |           9 |      0 |      9 |    99.89 |   100.76
 72 |              0 |    0.02039 |            299 |    0.06655 |          14 |      0 |     14 |    98.74 |   100.81
 91 |              0 |    0.01692 |           1273 |    0.06021 |           9 |      0 |      9 |    99.19 |   100.42
104 |              0 |    0.02199 |            299 |    0.21706 |         175 |      0 |    175 |    91.42 |   100.50
107 |              0 |    0.01582 |            354 |    0.06007 |           9 |      0 |      9 |   100.00 |   101.43
110 |              0 |    0.01455 |            299 |    0.29555 |          33 |      0 |     33 |    98.75 |   102.88
115 |              0 |    0.01541 |            371 |    0.06009 |          18 |      0 |     18 |    98.20 |   100.12
123 |              3 |    0.01149 |            299 |    0.07140 |          11 |      0 |     11 |    98.36 |   100.07
128 |              0 |    0.01885 |            526 |    0.06010 |          11 |      0 |     11 |    99.52 |   101.00
135 |              0 |    0.02480 |           1253 |    0.06025 |          12 |      0 |     12 |    98.43 |   100.61
137 |              0 |    0.01826 |           3013 |    0.06025 |          10 |      0 |     10 |    99.68 |   101.26
147 |              0 |    0.02272 |           1111 |    0.06018 |           9 |      0 |      9 |    99.75 |   100.97
158 |              0 |    0.02825 |            299 |    0.07837 |          11 |      0 |     11 |    99.13 |   100.60
162 |              0 |    0.01076 |            946 |    0.06018 |          15 |      0 |     15 |    97.98 |   100.10
165 |              0 |    0.08412 |            299 |    1.01907 |          34 |      0 |     34 |    96.29 |   100.77
174 |              0 |    0.02736 |            505 |    0.06018 |          19 |      0 |     19 |    98.76 |   100.63
177 |              0 |    0.02215 |            299 |    0.12040 |           9 |      0 |      9 |    99.95 |   100.94
182 |              0 |    0.02092 |            366 |    0.06001 |          14 |      0 |     14 |    98.61 |   101.17
185 |              0 |    0.02501 |            997 |    0.06027 |          16 |      0 |     16 |    98.43 |   100.12
194 |              0 |    0.01167 |            442 |    0.06033 |           9 |      0 |      9 |    99.10 |   100.60
209 |          10409 |    0.01001 |           1371 |    0.06105 |          20 |      4 |     24 |    99.14 |   101.58
228 |              0 |    0.01294 |            299 |    0.06934 |           9 |      0 |      9 |    99.60 |   101.04
234 |              0 |    0.01242 |           2696 |    0.06006 |           9 |      0 |      9 |    99.66 |   100.90
263 |              0 |    0.01837 |            299 |    0.07242 |          11 |      0 |     11 |    99.01 |   100.10
275 |              0 |    0.01176 |           2195 |    0.06001 |          10 |      0 |     10 |    98.06 |   100.18
277 |              0 |    0.01965 |            435 |    0.06017 |          11 |      0 |     11 |    98.08 |   100.13

Days meeting both ATR & Vol Thresholds (and >8 trades): 35
Total Score (1 point per qualifying day): 35

===================================================================================================================
SECTION B — Overall Summary
===================================================================================================================
Total Considered Trades: 1172
Total Missed Trades: 430
Total Pairs: 1602
Average Total Pairs/Day: 5.74

TOTAL SCORE (ATR + VOL > thresholds, trades > 8): 35
===================================================================================================================
END OF REPORT
