==============================================================================================================
PB9_T1 — TIME FILTERED VOLATILITY (SMA-based Rolling Std) — ΔPrice ≥ 0.3
==============================================================================================================

Min Trade Duration: 15 sec | Cooldown: 15 sec
Data Directory: /data/quant14/EBX
SMA Window: 20
Volatility Threshold: 0.06
Days Processed: 510 / 510

==============================================================================================================
SECTION A — Days where VOL_STRENGTH ≥ 0.06
==============================================================================================================
Day | Vol Hit @Index | Vol Value | Considered | Missed | Total | PB9_T1 Min | PB9_T1 Max
----|----------------|------------|-------------|--------|--------|-------------|-------------
 22 |          18052 |      0.062 |           3 |      3 |      6 |       99.27 |      100.23
 33 |           1788 |      0.063 |          24 |      1 |     25 |       99.07 |      100.82
 28 |           1741 |      0.089 |           9 |      1 |     10 |       99.90 |      101.37
 32 |          12674 |      0.061 |           6 |      4 |     10 |       99.54 |      100.46
 39 |          12651 |      0.062 |           6 |      2 |      8 |       99.79 |      100.57
 35 |           2163 |      0.060 |           3 |      2 |      5 |       99.92 |      101.12
 36 |             19 |      0.068 |          55 |      0 |     55 |       99.24 |      102.32
 51 |           1077 |      0.062 |          13 |      0 |     13 |       99.35 |      100.73
 61 |           3880 |      0.063 |           5 |      3 |      8 |       99.69 |      100.87
 63 |           3887 |      0.061 |           5 |      3 |      8 |       99.36 |      100.20
 56 |           1349 |      0.063 |           3 |      0 |      3 |       99.67 |      100.38
 54 |            456 |      0.060 |           8 |      1 |      9 |       99.12 |      100.40
 98 |           1845 |      0.064 |          10 |      1 |     11 |       98.76 |      100.59
 87 |             51 |      0.061 |         173 |      0 |    173 |       98.73 |      107.16
 95 |          12681 |      0.062 |           1 |      1 |      2 |       99.91 |      100.51
 85 |          16145 |      0.063 |           6 |      0 |      6 |       99.93 |      101.36
 88 |          13762 |      0.060 |           3 |      2 |      5 |       99.99 |      100.78
107 |            401 |      0.077 |          23 |      0 |     23 |       98.82 |      100.91
108 |           1541 |      0.063 |          21 |      3 |     24 |       99.27 |      101.30
109 |          11921 |      0.060 |           3 |      4 |      7 |       99.38 |      100.27
117 |           2051 |      0.063 |          12 |      1 |     13 |       98.61 |      100.27
135 |           1745 |      0.064 |           8 |      0 |      8 |       99.36 |      100.41
144 |           1748 |      0.061 |           2 |      1 |      3 |       99.46 |      100.26
138 |           8720 |      0.062 |           4 |      2 |      6 |       98.59 |      100.15
137 |           1749 |      0.064 |          19 |      3 |     22 |       98.95 |      100.99
136 |           1076 |      0.060 |          11 |      1 |     12 |       97.52 |      100.02
150 |          10664 |      0.065 |           6 |      3 |      9 |       99.18 |      100.52
139 |           1745 |      0.061 |           7 |      1 |      8 |       98.81 |      100.33
171 |           1744 |      0.062 |           8 |      0 |      8 |       99.91 |      101.06
161 |             89 |      0.060 |          29 |      0 |     29 |       98.61 |      100.54
156 |           1751 |      0.061 |           4 |      0 |      4 |       99.05 |      100.10
173 |           5377 |      0.062 |           6 |      5 |     11 |       97.94 |      100.13
166 |            788 |      0.063 |           3 |      1 |      4 |       99.10 |      100.10
186 |          16563 |      0.097 |           7 |     11 |     18 |       99.22 |      101.96
185 |           1356 |      0.061 |           7 |      2 |      9 |       99.97 |      100.97
181 |          10643 |      0.062 |           5 |      7 |     12 |       99.84 |      102.03
193 |           1744 |      0.061 |           5 |      0 |      5 |       99.73 |      100.14
189 |           1749 |      0.060 |          11 |      1 |     12 |       99.38 |      100.73
206 |           1746 |      0.064 |           2 |      0 |      2 |       99.73 |      100.84
209 |           1745 |      0.061 |           2 |      2 |      4 |       99.48 |      100.24
208 |            326 |      0.061 |          28 |      1 |     29 |       99.90 |      102.40
197 |           1745 |      0.060 |          12 |      1 |     13 |       98.19 |      100.02
205 |           1253 |      0.064 |          17 |      2 |     19 |       97.78 |      100.23
232 |           1226 |      0.064 |           6 |      1 |      7 |       99.59 |      100.65
202 |           1745 |      0.061 |           4 |      1 |      5 |       98.33 |      100.05
231 |           1758 |      0.066 |           2 |      1 |      3 |      100.00 |      100.61
240 |           1745 |      0.064 |           5 |      0 |      5 |       98.85 |      100.08
236 |           1744 |      0.063 |           6 |      1 |      7 |       98.17 |      100.15
239 |           4951 |      0.062 |           9 |      3 |     12 |       98.48 |      100.28
244 |           1743 |      0.066 |           3 |      0 |      3 |       99.88 |      100.47
270 |           3444 |      0.063 |           5 |      2 |      7 |       99.04 |      100.09
272 |           4318 |      0.065 |           1 |      1 |      2 |       99.88 |      100.62
273 |             67 |      0.061 |          62 |      0 |     62 |       96.24 |      100.18
268 |          12653 |      0.062 |           7 |      2 |      9 |       98.82 |      100.22
275 |           1741 |      0.063 |           5 |      0 |      5 |       98.86 |      100.19
287 |           1750 |      0.062 |           5 |      0 |      5 |       99.32 |      100.20
299 |           1746 |      0.062 |           4 |      0 |      4 |       99.67 |      100.63
301 |           8618 |      0.064 |           2 |      0 |      2 |       99.82 |      100.52
290 |            564 |      0.061 |          22 |      0 |     22 |       98.76 |      101.03
298 |           3049 |      0.061 |          10 |      1 |     11 |       99.61 |      101.25
305 |           1743 |      0.064 |           8 |      1 |      9 |       98.89 |      100.11
311 |            128 |      0.060 |         107 |      1 |    108 |       95.64 |      100.10
319 |          16145 |      0.067 |          14 |      2 |     16 |       99.61 |      100.97
318 |          16142 |      0.074 |           4 |      0 |      4 |       98.83 |      100.18
321 |          19270 |      0.062 |           4 |      1 |      5 |       99.21 |      100.18
325 |           1741 |      0.070 |           9 |      0 |      9 |       99.57 |      100.66
323 |          22766 |      0.064 |           1 |     15 |     16 |       99.72 |      101.99
331 |             71 |      0.062 |          23 |      0 |     23 |       98.24 |      100.08
344 |          16144 |      0.065 |           3 |      0 |      3 |       99.85 |      100.93
343 |           1252 |      0.082 |          13 |      2 |     15 |       99.99 |      101.93
349 |            214 |      0.061 |          15 |      0 |     15 |       99.46 |      100.65
350 |            916 |      0.061 |          13 |      0 |     13 |       99.80 |      101.45
363 |          22157 |      0.176 |           1 |      6 |      7 |       98.08 |      100.09
388 |           4986 |      0.060 |           5 |      1 |      6 |       99.11 |      100.17
378 |           8949 |      0.060 |          14 |      3 |     17 |       98.73 |      100.37
373 |           7301 |      0.061 |           4 |      0 |      4 |       99.75 |      100.48
370 |           6252 |      0.088 |           2 |      2 |      4 |       99.84 |      100.51
367 |          13523 |      0.064 |           9 |      8 |     17 |       99.55 |      101.65
391 |           1745 |      0.064 |           6 |      1 |      7 |       99.85 |      100.73
396 |          16149 |      0.060 |           6 |      1 |      7 |       99.28 |      100.09
410 |           1499 |      0.061 |           7 |      0 |      7 |       99.53 |      100.69
405 |          16142 |      0.077 |           3 |      2 |      5 |       99.80 |      100.49
419 |          22747 |      0.061 |           2 |     12 |     14 |       99.41 |      101.91
428 |           1752 |      0.060 |           5 |      0 |      5 |       99.99 |      100.61
421 |             19 |      0.066 |          67 |      0 |     67 |       93.74 |      100.59
440 |           1402 |      0.060 |           6 |      2 |      8 |       99.59 |      100.64
443 |          13891 |      0.061 |           2 |      4 |      6 |       99.26 |      100.09
438 |           1743 |      0.061 |           2 |      0 |      2 |       99.83 |      100.75
448 |           1151 |      0.060 |          11 |      0 |     11 |       98.23 |      100.25
456 |           1744 |      0.074 |           8 |      1 |      9 |      100.02 |      101.45
453 |           1745 |      0.065 |           4 |      0 |      4 |       99.85 |      100.61
463 |          16143 |      0.067 |          12 |      2 |     14 |       99.30 |      100.54
446 |          16142 |      0.068 |          12 |      1 |     13 |       97.01 |      100.40
455 |          14366 |      0.063 |           8 |      5 |     13 |       99.51 |      100.33
480 |           8943 |      0.064 |          12 |      7 |     19 |       99.19 |      100.55
488 |           7143 |      0.061 |           3 |      5 |      8 |       99.32 |      100.85
477 |          23047 |      0.060 |           0 |      9 |      9 |       99.96 |      101.36
507 |          23323 |      0.060 |           0 |      8 |      8 |       99.01 |      100.73
502 |           4055 |      0.061 |           4 |      2 |      6 |       99.96 |      100.96
492 |           1288 |      0.068 |          16 |      1 |     17 |       98.53 |      100.20
505 |           1745 |      0.062 |           3 |      0 |      3 |       99.72 |      100.51

==============================================================================================================
SECTION B — Days where VOL_STRENGTH never reached 0.06
==============================================================================================================
Day | Vol Max | Missed | Total | PB9_T1 Min | PB9_T1 Max
----|----------|--------|--------|-------------|-------------
 12 |    0.034 |      2 |      2 |       99.68 |      100.28
  4 |    0.038 |      3 |      3 |       98.98 |      100.10
  6 |    0.048 |      4 |      4 |       99.62 |      100.70
  9 |    0.026 |      1 |      1 |       99.76 |      100.11
 11 |    0.057 |      7 |      7 |       98.81 |      100.09
 15 |    0.028 |      3 |      3 |       99.97 |      100.47
 17 |    0.050 |      6 |      6 |       99.15 |      100.52
  1 |    0.030 |      1 |      1 |       99.88 |      100.36
 18 |    0.024 |      2 |      2 |       99.78 |      100.30
  8 |    0.038 |      5 |      5 |       99.94 |      100.56
 21 |    0.036 |      7 |      7 |       99.03 |      100.49
 14 |    0.048 |      7 |      7 |       97.98 |      100.10
  2 |    0.031 |      2 |      2 |       99.66 |      100.25
 16 |    0.054 |      3 |      3 |       99.56 |      100.05
  5 |    0.059 |     15 |     15 |       99.89 |      102.43
 23 |    0.055 |      2 |      2 |       99.75 |      100.63
 10 |    0.055 |      6 |      6 |       99.25 |      100.45
  3 |    0.030 |      2 |      2 |       99.99 |      100.63
 24 |    0.038 |      1 |      1 |       99.98 |      100.37
  7 |    0.024 |      3 |      3 |       99.71 |      100.15
 20 |    0.045 |      7 |      7 |       99.48 |      100.74
 13 |    0.041 |      5 |      5 |       99.92 |      100.76
 19 |    0.039 |      7 |      7 |       99.93 |      100.74
  0 |    0.035 |      7 |      7 |       99.39 |      100.20
 25 |    0.018 |      2 |      2 |       99.92 |      100.79
 30 |    0.046 |      5 |      5 |       98.85 |      100.02
 38 |    0.045 |      4 |      4 |       99.37 |      100.24
 31 |    0.054 |      3 |      3 |       99.86 |      100.55
 44 |    0.037 |      6 |      6 |       99.05 |      100.01
 40 |    0.037 |      3 |      3 |       99.78 |      100.66
 26 |    0.032 |      3 |      3 |       99.70 |      100.23
 27 |    0.028 |      2 |      2 |       99.92 |      100.51
 47 |    0.026 |      2 |      2 |       99.71 |      100.25
 29 |    0.036 |      2 |      2 |       99.44 |      100.03
 48 |    0.041 |      3 |      3 |       99.78 |      100.26
 42 |    0.017 |      1 |      1 |       99.97 |      100.43
 34 |    0.039 |      5 |      5 |       99.23 |      100.09
 37 |    0.054 |      2 |      2 |       99.78 |      100.22
 46 |    0.035 |      2 |      2 |       99.97 |      100.66
 43 |    0.031 |      4 |      4 |      100.00 |      100.74
 41 |    0.032 |      3 |      3 |       99.78 |      100.53
 45 |    0.059 |      1 |      1 |       99.59 |      100.21
 49 |    0.058 |      9 |      9 |       99.60 |      101.05
 50 |    0.026 |      3 |      3 |       99.68 |      100.36
 71 |    0.042 |      4 |      4 |       99.75 |      100.57
 60 |    0.042 |      1 |      1 |       99.55 |      100.12
 74 |    0.027 |      3 |      3 |       99.38 |       99.98
 67 |    0.040 |      6 |      6 |       99.79 |      100.69
 68 |    0.026 |      3 |      3 |       99.14 |      100.06
 64 |    0.034 |      1 |      1 |       99.82 |      100.14
 65 |    0.055 |      6 |      6 |       99.33 |      100.12
 55 |    0.043 |      9 |      9 |       99.96 |      101.20
 62 |    0.024 |      2 |      2 |       99.99 |      100.66
 53 |    0.028 |      4 |      4 |       99.89 |      100.73
 59 |    0.034 |      4 |      4 |       99.67 |      100.25
 72 |    0.024 |      2 |      2 |       99.97 |      100.54
 66 |    0.026 |      2 |      2 |       99.80 |      100.33
 70 |    0.030 |      4 |      4 |       99.48 |      100.72
 75 |    0.040 |      2 |      2 |       99.80 |      100.24
 73 |    0.021 |      1 |      1 |       99.81 |      100.12
 69 |    0.016 |      0 |      0 |       99.97 |      100.24
 52 |    0.027 |      3 |      3 |       99.61 |      100.25
 58 |    0.051 |     11 |     11 |       99.06 |      100.25
 57 |    0.021 |      1 |      1 |       99.91 |      100.23
 76 |    0.025 |      1 |      1 |       99.53 |      100.09
 80 |    0.024 |      1 |      1 |       99.89 |      100.23
 92 |    0.035 |      5 |      5 |       99.83 |      100.45
 77 |    0.019 |      1 |      1 |       99.76 |      100.07
 99 |    0.049 |      4 |      4 |       99.45 |      100.13
 96 |    0.056 |      9 |      9 |       99.64 |      102.12
 78 |    0.033 |      1 |      1 |       99.82 |      100.40
 81 |    0.023 |      1 |      1 |       99.82 |      100.35
 82 |    0.022 |      2 |      2 |       99.95 |      100.51
 79 |    0.026 |      1 |      1 |       99.63 |      100.02
 84 |    0.056 |      7 |      7 |       98.79 |      100.00
101 |    0.028 |      2 |      2 |       99.96 |      100.80
 89 |    0.034 |      6 |      6 |       99.45 |      100.15
 86 |    0.039 |      4 |      4 |       99.46 |      100.06
 83 |    0.053 |     11 |     11 |       99.95 |      101.13
 94 |    0.046 |      7 |      7 |       99.78 |      100.62
 91 |    0.044 |      5 |      5 |       99.36 |      100.30
 90 |    0.045 |      8 |      8 |       99.95 |      101.00
 93 |    0.037 |      3 |      3 |       99.89 |      100.48
 97 |    0.053 |     10 |     10 |       98.70 |      100.27
100 |    0.035 |      2 |      2 |       99.77 |      100.43
104 |    0.021 |      2 |      2 |       99.85 |      100.78
102 |    0.029 |      3 |      3 |       99.83 |      100.22
103 |    0.026 |      1 |      1 |       99.74 |      100.11
111 |    0.057 |      2 |      2 |       99.76 |      100.71
115 |    0.044 |      4 |      4 |       99.09 |      100.13
114 |    0.026 |      2 |      2 |       99.67 |      100.25
106 |    0.053 |      3 |      3 |       99.30 |      100.07
105 |    0.033 |      5 |      5 |       98.43 |      100.03
116 |    0.055 |      4 |      4 |       99.53 |      100.11
119 |    0.029 |      1 |      1 |       99.58 |      100.25
121 |    0.038 |      3 |      3 |       99.83 |      100.86
118 |    0.037 |      4 |      4 |       99.67 |      100.60
112 |    0.022 |      1 |      1 |       99.94 |      100.37
126 |    0.036 |      3 |      3 |       99.97 |      100.49
124 |    0.056 |     12 |     12 |       98.01 |      100.57
113 |    0.036 |      2 |      2 |       99.59 |      100.10
125 |    0.048 |      7 |      7 |       98.70 |      100.06
120 |    0.035 |      2 |      2 |      100.00 |      100.71
123 |    0.023 |      2 |      2 |       99.86 |      100.53
110 |    0.034 |      1 |      1 |       99.89 |      100.51
122 |    0.038 |      1 |      1 |       99.84 |      100.32
127 |    0.055 |      4 |      4 |       99.75 |      100.47
128 |    0.044 |      6 |      6 |       99.49 |      100.74
129 |    0.032 |      4 |      4 |       99.66 |      100.63
133 |    0.022 |      1 |      1 |       99.86 |      100.54
134 |    0.051 |      2 |      2 |       99.54 |      100.16
130 |    0.037 |      2 |      2 |       99.53 |      100.07
131 |    0.031 |      3 |      3 |       99.71 |      100.27
152 |    0.033 |      4 |      4 |       99.89 |      101.08
132 |    0.059 |      8 |      8 |       99.20 |      100.75
140 |    0.029 |      2 |      2 |       99.83 |      100.23
141 |    0.029 |      1 |      1 |       99.74 |      100.24
143 |    0.039 |      2 |      2 |       99.49 |      100.26
151 |    0.030 |      2 |      2 |       99.55 |      100.05
149 |    0.023 |      1 |      1 |       99.80 |      100.10
147 |    0.028 |      3 |      3 |       99.61 |      100.22
148 |    0.039 |      6 |      6 |       99.42 |      100.44
154 |    0.049 |      2 |      2 |       99.71 |      100.17
142 |    0.042 |      3 |      3 |       99.63 |      100.17
146 |    0.038 |      5 |      5 |       99.61 |      100.40
159 |    0.043 |      4 |      4 |       99.53 |      100.25
145 |    0.057 |      4 |      4 |       99.44 |      100.30
157 |    0.042 |      4 |      4 |       99.40 |      100.12
163 |    0.048 |      4 |      4 |       99.91 |      100.90
169 |    0.050 |      8 |      8 |       98.58 |      100.02
165 |    0.024 |      3 |      3 |       99.73 |      100.42
174 |    0.040 |      2 |      2 |       99.68 |      100.29
164 |    0.023 |      1 |      1 |      100.00 |      100.45
153 |    0.048 |      6 |      6 |       99.90 |      100.88
178 |    0.038 |      7 |      7 |       99.56 |      100.95
180 |    0.032 |      5 |      5 |       99.49 |      100.43
155 |    0.029 |      2 |      2 |       99.91 |      100.78
160 |    0.056 |      4 |      4 |       99.67 |      100.45
170 |    0.041 |      4 |      4 |       99.93 |      101.01
168 |    0.033 |      7 |      7 |       98.61 |      100.22
162 |    0.038 |      5 |      5 |       99.49 |      100.23
158 |    0.055 |      4 |      4 |       99.89 |      100.64
177 |    0.037 |      5 |      5 |       99.32 |      100.09
175 |    0.051 |      5 |      5 |       99.06 |      100.03
167 |    0.041 |      5 |      5 |       99.94 |      101.08
172 |    0.055 |      5 |      5 |       99.62 |      100.52
176 |    0.039 |      2 |      2 |       99.39 |      100.20
179 |    0.031 |      9 |      9 |       99.03 |      100.06
182 |    0.035 |      6 |      6 |       99.92 |      101.66
183 |    0.056 |      5 |      5 |       99.06 |      100.16
188 |    0.039 |      2 |      2 |       99.87 |      100.41
184 |    0.023 |      3 |      3 |       99.61 |      100.31
187 |    0.046 |      8 |      8 |       99.00 |      100.31
198 |    0.055 |      2 |      2 |       99.82 |      100.45
194 |    0.031 |      2 |      2 |       99.91 |      100.62
190 |    0.049 |      2 |      2 |       99.64 |      100.11
196 |    0.025 |      3 |      3 |       99.99 |      101.05
207 |    0.039 |      6 |      6 |       99.34 |      100.77
214 |    0.021 |      1 |      1 |       99.67 |      100.05
211 |    0.020 |      4 |      4 |       99.37 |      100.17
195 |    0.045 |      5 |      5 |       99.54 |      100.54
191 |    0.026 |      2 |      2 |       99.51 |      100.03
192 |    0.057 |      7 |      7 |       98.54 |      100.00
200 |    0.055 |      8 |      8 |       98.89 |      100.16
210 |    0.038 |      4 |      4 |       98.96 |      100.09
199 |    0.041 |      3 |      3 |       99.15 |      100.02
213 |    0.034 |      2 |      2 |       99.39 |      100.21
212 |    0.035 |      3 |      3 |       99.05 |      100.01
203 |    0.027 |      2 |      2 |       99.50 |      100.15
201 |    0.026 |      6 |      6 |       99.51 |      100.60
204 |    0.053 |      8 |      8 |       98.93 |      100.39
220 |    0.030 |      2 |      2 |       99.82 |      100.24
221 |    0.030 |      9 |      9 |       99.18 |      100.29
223 |    0.036 |      3 |      3 |       99.83 |      100.97
233 |    0.029 |      3 |      3 |       99.98 |      100.60
230 |    0.039 |      6 |      6 |       98.85 |      100.07
226 |    0.038 |      3 |      3 |       99.97 |      100.93
222 |    0.020 |      2 |      2 |       99.47 |      100.09
228 |    0.036 |      1 |      1 |       99.76 |      100.07
215 |    0.059 |      6 |      6 |       99.89 |      100.64
217 |    0.030 |      2 |      2 |       99.73 |      100.18
227 |    0.059 |      5 |      5 |       99.47 |      100.43
218 |    0.046 |      2 |      2 |       99.82 |      100.40
234 |    0.049 |      2 |      2 |       99.59 |      100.07
229 |    0.031 |      1 |      1 |       99.89 |      100.21
219 |    0.046 |      4 |      4 |       99.95 |      100.78
225 |    0.028 |      1 |      1 |       99.92 |      100.54
224 |    0.042 |      5 |      5 |       99.23 |      100.25
245 |    0.032 |      3 |      3 |      100.00 |      100.95
235 |    0.033 |      1 |      1 |       99.78 |      100.24
243 |    0.053 |      5 |      5 |       99.64 |      100.39
242 |    0.052 |      8 |      8 |       99.57 |      101.36
241 |    0.048 |      2 |      2 |       99.79 |      100.58
216 |    0.023 |      0 |      0 |       99.84 |      100.10
237 |    0.031 |      2 |      2 |       99.49 |      100.25
246 |    0.036 |      3 |      3 |       99.69 |      100.23
248 |    0.043 |      3 |      3 |       99.84 |      100.37
249 |    0.040 |      1 |      1 |       99.82 |      100.36
238 |    0.032 |      2 |      2 |       99.96 |      100.38
250 |    0.029 |      2 |      2 |       99.82 |      100.59
247 |    0.036 |      4 |      4 |       99.77 |      100.40
252 |    0.038 |      2 |      2 |       99.48 |      100.13
259 |    0.039 |      5 |      5 |       99.87 |      100.36
262 |    0.036 |      7 |      7 |       99.86 |      101.23
264 |    0.053 |      3 |      3 |       99.66 |      100.23
261 |    0.034 |      4 |      4 |       99.78 |      100.48
266 |    0.033 |      3 |      3 |       99.99 |      100.94
265 |    0.039 |      8 |      8 |       99.31 |      100.41
267 |    0.045 |     10 |     10 |       98.73 |      100.12
253 |    0.048 |      5 |      5 |       98.45 |      100.16
255 |    0.041 |      9 |      9 |       99.07 |      100.15
254 |    0.059 |      5 |      5 |       99.82 |      100.89
263 |    0.035 |      2 |      2 |       99.62 |      100.25
269 |    0.026 |      1 |      1 |       99.75 |      100.12
257 |    0.023 |      1 |      1 |       99.51 |      100.07
258 |    0.018 |      3 |      3 |       99.89 |      100.50
251 |    0.035 |      2 |      2 |       99.85 |      100.22
260 |    0.046 |      6 |      6 |       99.94 |      100.55
256 |    0.021 |      1 |      1 |       99.84 |      100.15
271 |    0.035 |      5 |      5 |       99.99 |      100.98
277 |    0.058 |      3 |      3 |       99.53 |      100.16
280 |    0.060 |      5 |      5 |       99.98 |      101.05
278 |    0.036 |      5 |      5 |       99.63 |      100.66
281 |    0.038 |      4 |      4 |       99.69 |      100.51
282 |    0.050 |      4 |      4 |       99.42 |      100.72
283 |    0.039 |      6 |      6 |       99.32 |      100.61
276 |    0.047 |      2 |      2 |       99.95 |      100.55
274 |    0.040 |      3 |      3 |       99.72 |      100.38
279 |    0.042 |      4 |      4 |       99.77 |      100.42
284 |    0.049 |      8 |      8 |       99.55 |      100.70
285 |    0.056 |      7 |      7 |       99.68 |      100.90
286 |    0.046 |      5 |      5 |       99.32 |      100.65
288 |    0.028 |      2 |      2 |       99.81 |      100.22
289 |    0.025 |      2 |      2 |       99.56 |      100.15
308 |    0.039 |      4 |      4 |       98.96 |      100.19
300 |    0.028 |      4 |      4 |       99.93 |      101.19
296 |    0.043 |      3 |      3 |       99.57 |      100.31
293 |    0.040 |      3 |      3 |       99.88 |      100.82
302 |    0.024 |      2 |      2 |       99.30 |      100.17
294 |    0.024 |      1 |      1 |       99.86 |      100.42
292 |    0.035 |      1 |      1 |       99.84 |      100.14
303 |    0.034 |      4 |      4 |       99.56 |      100.21
295 |    0.053 |      8 |      8 |       99.74 |      100.63
304 |    0.034 |     16 |     16 |       99.31 |      101.16
291 |    0.017 |      0 |      0 |       99.94 |      100.20
297 |    0.037 |      2 |      2 |       99.72 |      100.33
309 |    0.052 |      2 |      2 |      100.01 |      100.57
306 |    0.046 |      6 |      6 |       98.84 |      100.06
310 |    0.027 |      1 |      1 |       99.78 |      100.53
307 |    0.030 |      1 |      1 |       99.79 |      100.20
315 |    0.041 |      4 |      4 |       98.78 |      100.26
313 |    0.029 |      5 |      5 |       98.98 |      100.14
314 |    0.021 |      2 |      2 |       99.86 |      100.71
329 |    0.057 |      6 |      6 |       99.27 |      100.02
316 |    0.029 |      4 |      4 |       99.70 |      100.88
317 |    0.043 |      3 |      3 |       99.56 |      100.22
324 |    0.041 |      3 |      3 |       99.88 |      100.59
312 |    0.044 |      3 |      3 |       99.52 |      100.29
320 |    0.033 |     10 |     10 |       99.05 |      100.09
322 |    0.053 |      7 |      7 |       98.77 |      100.11
335 |    0.048 |     12 |     12 |       98.74 |      100.13
326 |    0.040 |      2 |      2 |       99.65 |      100.23
328 |    0.020 |      1 |      1 |       99.87 |      100.29
336 |    0.028 |      6 |      6 |       99.27 |      100.36
330 |    0.037 |      1 |      1 |       99.83 |      100.28
333 |    0.047 |      2 |      2 |       99.95 |      100.30
332 |    0.042 |      6 |      6 |       98.76 |      100.18
334 |    0.025 |      2 |      2 |       99.89 |      100.26
327 |    0.014 |      0 |      0 |       99.92 |      100.17
337 |    0.059 |      9 |      9 |       98.67 |      100.17
338 |    0.048 |      6 |      6 |       99.90 |      100.90
339 |    0.041 |      6 |      6 |       98.90 |      100.00
345 |    0.043 |      2 |      2 |       99.51 |      100.16
358 |    0.052 |     15 |     15 |       97.58 |      100.36
353 |    0.060 |      7 |      7 |       99.53 |      100.49
340 |    0.049 |      2 |      2 |       99.75 |      100.26
355 |    0.040 |      6 |      6 |       99.37 |      100.17
342 |    0.053 |      8 |      8 |       99.55 |      101.13
360 |    0.056 |      3 |      3 |       99.34 |      100.08
354 |    0.030 |      4 |      4 |       99.39 |      100.12
361 |    0.043 |      5 |      5 |       99.89 |      100.72
341 |    0.027 |      2 |      2 |       99.80 |      100.67
359 |    0.039 |      7 |      7 |       99.39 |      100.35
357 |    0.027 |      1 |      1 |       99.75 |      100.28
348 |    0.046 |      9 |      9 |       99.07 |      100.20
356 |    0.021 |      5 |      5 |       99.27 |      100.09
362 |    0.033 |      2 |      2 |       99.97 |      100.55
352 |    0.056 |      4 |      4 |      100.02 |      100.86
351 |    0.047 |      4 |      4 |       99.78 |      100.83
347 |    0.024 |      2 |      2 |       99.49 |      100.01
346 |    0.030 |      2 |      2 |       99.99 |      100.44
374 |    0.046 |      4 |      4 |       99.57 |      100.66
387 |    0.039 |      5 |      5 |       99.28 |      100.17
368 |    0.058 |      7 |      7 |       99.67 |      100.41
383 |    0.057 |      5 |      5 |       99.95 |      101.52
371 |    0.022 |      2 |      2 |      100.00 |      100.61
366 |    0.056 |      9 |      9 |       99.04 |      100.03
364 |    0.032 |      2 |      2 |       99.92 |      100.62
381 |    0.058 |      1 |      1 |       99.50 |      100.02
375 |    0.030 |      6 |      6 |       99.37 |      100.20
376 |    0.044 |      5 |      5 |       99.75 |      100.87
385 |    0.054 |      6 |      6 |       99.45 |      100.74
372 |    0.053 |     12 |     12 |       98.59 |      101.39
386 |    0.055 |      7 |      7 |       99.90 |      101.28
379 |    0.038 |      1 |      1 |       99.75 |      100.31
365 |    0.044 |      4 |      4 |       99.57 |      100.41
384 |    0.034 |      3 |      3 |       98.97 |      100.04
380 |    0.025 |      3 |      3 |       99.71 |      100.34
382 |    0.038 |      8 |      8 |       99.31 |      100.36
377 |    0.030 |      3 |      3 |       99.33 |      100.04
369 |    0.021 |      0 |      0 |       99.84 |      100.13
390 |    0.048 |      2 |      2 |       99.65 |      100.32
389 |    0.041 |     15 |     15 |       97.91 |      100.14
392 |    0.021 |      2 |      2 |      100.00 |      100.65
393 |    0.050 |      7 |      7 |       99.99 |      101.30
397 |    0.036 |      6 |      6 |       99.86 |      100.68
394 |    0.042 |      5 |      5 |       99.42 |      100.15
398 |    0.036 |      3 |      3 |       99.31 |      100.04
403 |    0.037 |      1 |      1 |       99.97 |      100.39
395 |    0.036 |      5 |      5 |      100.00 |      101.06
401 |    0.043 |      2 |      2 |       99.46 |      100.15
399 |    0.024 |      3 |      3 |       99.93 |      100.64
400 |    0.031 |      2 |      2 |       99.89 |      100.25
407 |    0.047 |      4 |      4 |       99.74 |      101.23
412 |    0.027 |      3 |      3 |       99.11 |      100.02
402 |    0.036 |      4 |      4 |       99.25 |      100.02
409 |    0.050 |      4 |      4 |       98.99 |      100.06
414 |    0.024 |      2 |      2 |       99.90 |      100.41
404 |    0.044 |      9 |      9 |       98.83 |      100.19
406 |    0.030 |      3 |      3 |       99.41 |      100.05
411 |    0.027 |      3 |      3 |       99.24 |      100.18
415 |    0.042 |      1 |      1 |       99.74 |      100.30
417 |    0.050 |      3 |      3 |       99.20 |      100.07
413 |    0.054 |      3 |      3 |       99.87 |      100.56
416 |    0.048 |      3 |      3 |       99.61 |      100.37
418 |    0.041 |      8 |      8 |       98.83 |      100.09
408 |    0.050 |      8 |      8 |       98.71 |      100.41
420 |    0.024 |      2 |      2 |       99.53 |      100.22
429 |    0.035 |      9 |      9 |       99.67 |      100.60
423 |    0.042 |      2 |      2 |       99.78 |      100.59
425 |    0.034 |      3 |      3 |       99.79 |      100.38
422 |    0.019 |      1 |      1 |       99.75 |      100.11
424 |    0.056 |      7 |      7 |       98.94 |      100.01
434 |    0.044 |      8 |      8 |       99.60 |      100.31
430 |    0.032 |      6 |      6 |       99.68 |      101.03
431 |    0.025 |      3 |      3 |       99.69 |      100.26
426 |    0.037 |      6 |      6 |       99.76 |      100.52
427 |    0.021 |      2 |      2 |       99.98 |      100.73
433 |    0.056 |      7 |      7 |       99.76 |      100.54
432 |    0.047 |      2 |      2 |       99.85 |      100.49
437 |    0.053 |     11 |     11 |       99.45 |      100.43
441 |    0.016 |      1 |      1 |       99.56 |      100.15
435 |    0.025 |      3 |      3 |       99.65 |      100.07
436 |    0.046 |      0 |      0 |       99.88 |      100.17
444 |    0.043 |      2 |      2 |       99.97 |      100.66
442 |    0.034 |      7 |      7 |       98.25 |      100.12
439 |    0.048 |      5 |      5 |       99.54 |      100.11
445 |    0.035 |      1 |      1 |       99.63 |      100.07
449 |    0.030 |      2 |      2 |       99.88 |      100.48
452 |    0.032 |      3 |      3 |       98.93 |      100.00
447 |    0.043 |      4 |      4 |       99.77 |      100.27
457 |    0.048 |      7 |      7 |       99.79 |      100.92
458 |    0.032 |      3 |      3 |       99.54 |      100.20
466 |    0.034 |      5 |      5 |       99.90 |      101.00
450 |    0.040 |      2 |      2 |       99.41 |      100.10
464 |    0.058 |      3 |      3 |       99.82 |      100.69
454 |    0.035 |      3 |      3 |       99.98 |      100.88
451 |    0.059 |      3 |      3 |       99.78 |      100.88
468 |    0.036 |      4 |      4 |       99.88 |      100.68
469 |    0.026 |      3 |      3 |       99.41 |      100.16
462 |    0.032 |      6 |      6 |       99.53 |      100.32
465 |    0.017 |      1 |      1 |       99.64 |      100.11
461 |    0.056 |     13 |     13 |       99.68 |      100.70
467 |    0.029 |      2 |      2 |       99.58 |      100.25
460 |    0.037 |      4 |      4 |       99.56 |      100.49
459 |    0.023 |      2 |      2 |       99.81 |      100.45
470 |    0.038 |      3 |      3 |       99.89 |      101.07
472 |    0.030 |      1 |      1 |       99.76 |      100.26
485 |    0.026 |      1 |      1 |       99.87 |      100.41
475 |    0.039 |      5 |      5 |       99.44 |      100.33
471 |    0.050 |      5 |      5 |       99.35 |      100.59
473 |    0.031 |      2 |      2 |       99.84 |      100.22
476 |    0.049 |      5 |      5 |       99.51 |      100.46
478 |    0.028 |      2 |      2 |       99.64 |      100.11
486 |    0.036 |      4 |      4 |       99.31 |      100.09
479 |    0.038 |      8 |      8 |       99.93 |      101.19
484 |    0.025 |      1 |      1 |       99.85 |      100.30
483 |    0.057 |      4 |      4 |       99.16 |      100.01
487 |    0.026 |      1 |      1 |       99.85 |      100.48
474 |    0.050 |      3 |      3 |       99.75 |      100.16
482 |    0.056 |      4 |      4 |       99.99 |      100.70
481 |    0.030 |      2 |      2 |       99.89 |      100.53
490 |    0.032 |      1 |      1 |       99.57 |      100.05
509 |    0.045 |      2 |      2 |       99.68 |      100.15
496 |    0.031 |      3 |      3 |       99.33 |      100.00
503 |    0.042 |      1 |      1 |       99.89 |      100.23
489 |    0.032 |      2 |      2 |       99.35 |      100.25
500 |    0.041 |      1 |      1 |       99.89 |      100.53
494 |    0.037 |      5 |      5 |       99.93 |      100.82
493 |    0.019 |      1 |      1 |       99.80 |      100.41
495 |    0.028 |      3 |      3 |       99.12 |      100.04
506 |    0.026 |      1 |      1 |       99.92 |      100.53
498 |    0.042 |      8 |      8 |       99.11 |      100.36
501 |    0.026 |      2 |      2 |       99.79 |      100.57
497 |    0.031 |      3 |      3 |       99.71 |      100.49
499 |    0.021 |      2 |      2 |       99.99 |      100.63
504 |    0.055 |     16 |     16 |       99.95 |      102.22
508 |    0.015 |      1 |      1 |      100.00 |      100.47
491 |    0.029 |      0 |      0 |       99.87 |      100.16

==============================================================================================================
OVERALL SUMMARY
==============================================================================================================
Total Pairs Detected: 3001
Total Considered (After Vol Threshold): 1201
Total Missed (Before Vol Threshold): 1800
Total Considerable Days: 99
Ratio (Considerable Pairs / Considerable Days): 12.131
Average Total Pairs/Day: 5.88
==============================================================================================================
END OF REPORT
==============================================================================================================
